1000.0
1000.0
1000.2859640325761
1000.5717737250817
1000.8575111025878
1001.1431763090224
1001.428769511524
1001.7142908770218
1001.9997405722421
1002.2851187637103
1002.5704256177507
1002.855661300488
1003.1408259778472
1003.4259198155546
1003.7109429791388
1003.9958956339312
1004.2807779450662
1004.5655900774824
1004.8503321959237
1005.1350044649386
1005.4196070488821
1005.7041401119162
1005.9886038180106
1006.2729983309422
1006.5573238142975
1006.8415804314725
1007.1257683456729
1007.4098877199153
1007.6939387170285
1007.9779214996524
1008.2618362302404
1008.5456830710589
1008.8294621841889
1009.1131737315258
1009.3968178747805
1009.68039477548
1009.963904594968
1010.2473474944056
1010.5307236347718
1010.8140331768644
1011.0972762813004
1011.3804531085167
1011.6635638187705
1011.9466085721409
1012.2295875285281
1012.512500847655
1012.7953486890677
1013.0781312121362
1013.3608485760543
1013.6435009398415
1013.9260884623418
1014.2086113022266
1014.4910696179932
1014.7734635679673
1015.0557933103015
1015.3380590029782
1015.6202608038083
1015.902398870433
1016.1844733603238
1016.4664844307836
1016.7484322389469
1017.03031694178
1017.312138696083
1017.5938976584893
1017.875593985466
1018.1572278333153
1018.4387993581747
1018.7203087160173
1019.0017560626534
1019.2831415537298
1019.5644653447312
1019.8457275909807
1020.1269284476398
1020.4080680697101
1020.6891466120331
1020.9701642292903
1021.2511210760053
1021.5320173065431
1021.812853075111
1022.093628535759
1022.3743438423811
1022.6549991487153
1022.9355946083439
1023.2161303746947
1023.4966066010413
1023.777023440504
1024.057381046049
1024.337679570491
1024.6179191664926
1024.8980999865646
1025.1782221830674
1025.4582859082107
1025.738291314055
1026.018238552511
1026.2981277753418
1026.5779591341618
1026.8577327804373
1027.137448865489
1027.4171075404904
1027.6967089564691
1027.9762532643078
1028.2557406147441
1028.5351711583717
1028.8145450456402
1029.093862426857
1029.3731234521854
1029.6523282716482
1029.9314770351255
1030.2105698923574
1030.4896069929425
1030.7685884863406
1031.047514521871
1031.3263852487153
1031.6052008159159
1031.8839613723774
1032.1626670668677
1032.441318048018
1032.7199144643225
1032.9984564641404
1033.276944195695
1033.5553778070762
1033.8337574462385
1034.1120832610031
1034.3903553990585
1034.6685740079602
1034.9467392351319
1035.2248512278654
1035.5029101333218
1035.7809160985314
1036.0588692703946
1036.336769795682
1036.6146178210354
1036.8924134929682
1037.1701569578656
1037.4478483619855
1037.7254878514584
1038.0030755722883
1038.2806116703534
1038.5580962914064
1038.8355295810752
1039.1129116848626
1039.3902427481476
1039.667522916186
1039.94475233411
1040.2219311469298
1040.499059499533
1040.7761375366856
1041.0531654030333
1041.3301432431
1041.607071201291
1041.8839494218905
1042.1607780490642
1042.4375572268593
1042.7142870992043
1042.9909678099104
1043.2675995026714
1043.5441823210645
1043.8207164085502
1044.0972019084738
1044.3736389640649
1044.6500277184377
1044.9263683145934
1045.2026608954184
1045.4789056036852
1045.7551025820546
1046.0312519730735
1046.3073539191778
1046.5834085626916
1046.8594160458272
1047.135376510687
1047.4112900992634
1047.687156953438
1047.9629772149844
1048.238751025567
1048.5144785267407
1048.7901598599542
1049.065795166548
1049.341384587756
1049.6169282647045
1049.8924263384151
1050.1678789498028
1050.4432862396782
1050.7186483487467
1050.9939654176094
1051.2692375867641
1051.5444649966046
1051.8196477874221
1052.0947860994054
1052.3698800726413
1052.6449298471148
1052.91993556271
1053.1948973592098
1053.4698153762977
1053.7446897535565
1054.0195206304707
1054.2943081464243
1054.5690524407044
1054.8437536524991
1055.1184119208992
1055.3930273848985
1055.6676001833932
1055.9421304551843
1056.2166183389763
1056.4910639733785
1056.7654674969044
1057.0398290479743
1057.314148764913
1057.5884267859524
1057.8626632492308
1058.1368582927935
1058.4110120545936
1058.6851246724918
1058.9591962842578
1059.2332270275695
1059.5072170400144
1059.7811664590895
1060.0550754222018
1060.3289440666692
1060.60277252972
1060.876560948494
1061.1503094600432
1061.4240182013311
1061.697687309234
1061.9713169205413
1062.2449071719561
1062.5184582000948
1062.7919701414883
1063.065443132582
1063.3388773097367
1063.6122728092282
1063.8856297672485
1064.1589483199061
1064.4322286032254
1064.705470753149
1064.9786749055359
1065.251841196164
1065.5249697607287
1065.7980607348447
1066.0711142540458
1066.3441304537848
1066.6171094694353
1066.89005143629
1067.1629564895636
1067.4358247643916
1067.7086563958305
1067.981451518859
1068.2542102683785
1068.5269327792125
1068.7996191861084
1069.0722696237365
1069.3448842266907
1069.6174631294905
1069.890006466579
1070.1625143723245
1070.4349869810212
1070.707424426889
1070.9798268440738
1071.2521943666486
1071.524527128613
1071.7968252638946
1072.0690889063483
1072.3413181897572
1072.6135132478337
1072.885674214218
1073.1578012224809
1073.4298944061222
1073.7019538985721
1073.9739798331912
1074.245972343271
1074.5179315620344
1074.7898576226357
1075.061750658162
1075.3336108016317
1075.605438185997
1075.8772329441426
1076.148995208887
1076.4207251129828
1076.6924227891168
1076.9640883699103
1077.23572198792
1077.5073237756378
1077.7788938654915
1078.0504323898451
1078.3219394809994
1078.5934152711916
1078.8648598925965
1079.1362734773268
1079.4076561574327
1079.6790080649034
1079.9503293316668
1080.2216200895896
1080.4928804704782
1080.7641106060794
1081.0353106280793
1081.3064806681052
1081.5776208577254
1081.84873132845
1082.1198122117294
1082.3908636389579
1082.6618857414708
1082.932878650547
1083.2038424974087
1083.4747774132209
1083.745683529093
1084.016560976079
1084.2874098851769
1084.55823038733
1084.829022613427
1085.0997866943019
1085.3705227607354
1085.6412309434543
1085.911911373132
1086.1825641803894
1086.4531894957945
1086.7237874498637
1086.9943581730613
1087.2649017958001
1087.5354184484418
1087.8059082612976
1088.0763713646281
1088.3468078886444
1088.617217963507
1088.887601719328
1089.1579592861697
1089.4282907940467
1089.6985963729246
1089.9688761527216
1090.239130263308
1090.5093588345067
1090.7795619960948
1091.0497398778014
1091.3198926093107
1091.5900203202602
3346.221786419067
3346.2425001322977
3346.3060200913287
3346.369521226327
3346.433004357481
3346.496469491254
3346.559916634131
3346.6233457925982
3346.6867569731535
3346.7501501822953
3346.8135254265303
3346.8768827123695
3346.9402220463294
3347.0035434349325
3347.0668468847075
3347.1301324021865
3347.1933999939097
3347.2566496664226
3347.3198814262737
3347.3830952800204
3347.4462912342224
3347.5094692954494
3347.572629470273
3347.6357717652722
3347.6988961870306
3347.7620027421385
3347.825091437192
3347.888162278792
3347.9512152735465
3348.0142504280675
3348.0772677489736
3348.140267242889
3348.203248916445
3348.2662127762765
3348.3291588290263
3348.392087081341
3348.4549975398745
3348.517890211287
3348.580765102242
3348.643622219411
3348.7064615694717
3348.7692831591066
3348.8320869950044
3348.8948730838597
3348.957641432373
3349.0203920472504
3349.083124935206
3349.1458401029563
3349.208537557227
3349.2712173047476
3349.3338793522557
3349.396523706493
3349.459150374209
3349.5217593621564
3349.584350677098
3349.646924325799
3349.7094803150326
3349.7720186515785
3349.8345393422205
3349.8970423937512
3349.9595278129664
3350.0219956066703
3350.084445781672
3350.146878344789
3350.209293302841
3350.271690662658
3350.3340704310735
3350.3964326149294
3350.4587772210702
3350.5211042563515
3350.583413727632
3350.6457056417767
3350.707980005658
3350.7702368261557
3350.8324761101526
3350.894697864541
3350.9569020962167
3351.0190888120856
3351.081258019057
3351.1434097240467
3351.205543933979
3351.2676606557825
3351.3297598963927
3351.391841662753
3351.4539059618105
3351.515952800523
3351.577982185849
3351.639994124759
3351.701988624228
3351.763965691236
3351.825925332772
3351.8878675558285
3351.949792367409
3352.01169977452
3352.0735897841746
3352.135462403395
3352.1973176392094
3352.2591554986498
3352.320975988758
3352.3827791165827
3352.4445648891756
3352.5063333135995
3352.568084396921
3352.629818146215
3352.6915345685616
3352.75323367105
3352.8149154607745
3352.8765799448356
3352.9382271303425
3352.999857024409
3353.0614696341586
3353.123064966719
3353.184643029226
3353.2462038288227
3353.3077473726576
3353.3692736678872
3353.430782721675
3353.4922745411905
3353.5537491336117
3353.615206506123
3353.676646665914
3353.7380696201844
3353.7994753761377
3353.860863940987
3353.9222353219516
3353.983589526257
3354.044926561138
3354.1062464338333
3354.1675491515907
3354.2288347216663
3354.2901031513206
3354.3513544478224
3354.412588618448
3354.473805670481
3354.535005611213
3354.5961884479384
3354.657354187965
3354.718502838605
3354.7796344071767
3354.840748901007
3354.90184632743
3354.962926693787
3355.0239900074266
3355.085036275705
3355.146065505986
3355.207077705639
3355.2680728820437
3355.3290510425845
3355.390012194655
3355.4509563456545
3355.511883502992
3355.572793674082
3355.633686866347
3355.694563087219
3355.7554223441343
3355.816264644538
3355.8770899958836
3355.9378984056316
3355.99868988125
3356.0594644302137
3356.120222060007
3356.1809627781195
3356.2416865920513
3356.3023935093065
3356.363083537401
3356.4237566838547
3356.484412956198
3356.5450523619675
3356.605674908708
3356.666280603971
3356.7268694553177
3356.7874414703165
3356.8479966565424
3356.908535021579
3356.9690565730193
3357.029561318461
3357.0900492655132
3357.1505204217888
3357.2109747949125
3357.2714123925143
3357.3318332222348
3357.392237291719
3357.452624608624
3357.5129951806102
3357.57334901535
3357.6336861205223
3357.694006503814
3357.7543101729198
3357.814597135544
3357.8748673993964
3357.935120972197
3357.9953578616737
3358.055578075562
3358.1157816216055
3358.1759685075567
3358.236138741176
3358.2962923302307
3358.3564292824985
3358.4165496057644
3358.4766533078223
3358.5367403964715
3358.5968108795246
3358.6568647647982
3358.716902060119
3358.7769227733224
3358.8369269122522
3358.8969144847592
3358.9568854987037
3359.0168399619542
3359.0767778823883
3359.1366992678913
3359.196604126357
3359.2564924656886
3359.316364293796
3359.3762196186008
3359.436058448029
3359.4958807900193
3359.5556866525158
3359.615476043473
3359.675248970853
3359.735005442629
3359.7947454667783
3359.8544690512917
3359.9141762041663
3359.973866933408
3360.0335412470313
3360.09319915306
3360.152840659527
3360.2124657744744
3360.272074505951
3360.3316668620164
3360.3912428507383
3360.4508024801935
3360.510345758468
3360.569872693656
3360.6293832938622
3360.6888775671973
3360.748355521783
3360.807817165752
3360.8672625072427
3360.926691554402
3360.9861043153896
3361.045500798372
3361.1048810115244
3361.164244963032
3361.2235926610883
3361.282924113899
3361.3422393296737
3361.4015383166357
3361.4608210830147
3361.520087637052
3361.5793379869974
3361.6385721411075
3361.6977901076525
3361.7569918949084
3361.816177511163
3361.875346964711
3361.9345002638584
3361.99363741692
3362.0527584322213
3362.111863318094
3362.170952082882
3362.2300247349385
3362.289081282625
3362.348121734314
3362.407146098386
3362.4661543832312
3362.5251465972515
3362.5841227488568
3362.6430828464654
3362.7020268985075
3362.760954913422
3362.819866899657
3362.8787628656723
3362.9376428199353
3362.9965067709236
3363.0553547271247
3363.1141866970365
3363.1730026891664
3363.2318027120314
3363.2905867741583
3363.3493548840843
3363.408107050356
3363.466843281531
3363.5255635861745
3363.5842679728644
3363.6429564501864
3363.7016290267375
3363.760285711125
3363.818926511966
3363.877551437885
3363.936160497521
3363.9947536995223
3364.053331052543
3364.111892565252
3364.1704382463276
3364.228968104457
3364.2874821483388
3364.34598038668
3364.404462828201
3364.4629294816286
3364.5213803557035
3364.5798154591753
3364.6382348008037
3364.6966383893596
3364.755026233622
3364.813398342385
3364.871754724448
3364.930095388623
3364.9884203437346
3365.046729598615
3365.1050231621075
3365.1633010430673
3365.2215632503594
3365.2798097928585
3365.3380406794513
3365.396255919035
3365.4544555205166
3365.5126394928157
3365.57080784486
3365.6289605855895
3365.6870977239564
3365.74521926892
3365.8033252294535
3365.861415614541
3365.9194904331744
3365.9775496943603
3366.0355934071144
3366.093621580463
3366.1516342234445
3366.209631345107
3366.267612954511
3366.3255790607273
3366.383529672837
3366.4414647999347
3366.499384451123
3366.5572886355185
3366.6151773622473
3366.6730506404474
3366.730908479267
3366.7887508878675
3366.8465778754194
3366.904389451105
3366.9621856241206
3367.0199664036695
3367.077731798969
3367.135481819248
3367.1932164737455
3367.2509357717136
3367.308639722413
3367.36632833512
3367.4240016191184
3367.481659583706
3367.539302238192
3367.5969295918967
3367.654541654151
3367.7121384343
3367.769719941697
3367.8272861857117
3367.8848371757203
3367.942372921115
3367.9998934312966
3368.0573987156804
3368.114888783692
3368.1723636447687
3368.229823308361
3368.28726778393
3368.344697080949
3368.402111208903
3368.4595101772907
3368.516893995621
3368.5742626734154
3368.631616220208
3368.6889546455427
3368.74627795898
3368.8035861700882
3368.8608792884497
3368.9181573236597
3368.975420285323
3369.03266818306
3369.089901026501
3369.147118825291
3369.2043215890835
3369.261509327549
3369.3186820503656
3369.375839767228
3369.4329824878423
3369.4901102219246
3369.5472229792067
3369.60432076943
3369.661403602352
3369.7184714877394
3369.7755244353734
3369.8325624550484
3369.8895855565684
3369.946593749754
3370.0035870444362
3370.0605654504584
3370.1175289776793
3370.174477635967
3370.2314114352057
3370.28833038529
3370.3452344961293
3370.4021237776446
3370.4589982397692
3370.5158578924525
3370.5727027456537
3370.6295328093465
3370.6863480935167
3370.743148608166
3370.7999343633046
3370.8567053689603
3370.913461635172
3370.9702031719908
3371.0269299894844
3371.0836420977294
3371.140339506819
3371.19702222686
3371.2536902679694
3371.31034364028
3371.3669823539385
3371.4236064191027
3371.480215845947
3371.5368106446567
3371.593390825431
3371.649956398484
3371.706507374043
3371.763043762348
3371.819565573654
3371.8760728182274
3371.9325655063526
3371.989043648323
3372.0455072544482
3372.1019563350524
3372.1583909004707
3372.2148109610566
3372.271216527173
3372.3276076091993
3372.3839842175275
3372.440346362566
3372.4966940547333
3372.5530273044674
3372.6093461222144
3372.665650518439
3372.721940503619
3372.7782160882443
3372.8344772828214
3372.8907240978715
3372.9469565439267
3373.0031746315376
3373.0593783712666
3373.1155677736906
3373.1717428494035
3373.2279036090094
3373.2840500631296
3373.3401822224005
3373.396300097472
3373.4524036990074
3373.508493037686
3373.5645681242036
3373.6206289692664
3373.6766755835997
3373.7327079779398
3373.788726163041
3373.8447301496694
3373.9007199486086
3373.9566955706555
3374.012657026624
3374.068604327339
3374.124537483645
3374.1804565063967
3374.2363614064693
3374.2922521947494
3374.348128882139
3374.4039914795567
3374.459839997934
3374.5156744482215
3374.571494841381
3374.6273011883927
3374.6830935002495
3374.738871787961
3374.7946360625538
3374.850386335067
3374.906122616556
3374.961844918093
3375.017553250765
3375.0732476256753
3375.1289280539404
3375.184594546695
3375.240247115089
3375.295885770287
3375.3515105234706
3375.407121385836
3375.462718368597
3375.5183014829813
3375.5738707402334
3375.629426151614
3375.6849677284
3375.7404954818826
3375.7960094233704
3375.851509564189
3375.9069959156786
3375.9624684891965
3376.0179272961145
3376.073372347823
3376.128803655727
3376.18422123125
3376.239625085828
3376.295015230917
3376.3503916779882
3376.4057544385287
3376.4611035240423
3376.51643894605
3376.571760716089
3376.6270688457134
3376.682363346493
3376.7376442300156
3376.792911507884
3376.84816519172
3376.903405293161
3376.9586318238607
3377.01384479549
3377.0690442197388
3377.1242301083107
3377.179402472928
3377.23456132533
3377.289706677272
3377.3448385405295
3377.3999569268913
3377.4550618481658
3377.5101533161774
3377.5652313427695
3377.6202959398
3377.6753471191464
3377.730384892704
3377.7854092723833
3377.840420270114
3377.895417897844
3377.9504021675357
3378.005373091172
3378.060330680751
3378.115274948293
3378.170205905831
3378.2251235654176
3378.280027939124
3378.3349190390377
3378.3897968772667
3378.444661465933
3378.499512817181
3378.554350943169
3378.609175856077
3378.663987568099
3378.7187860914523
3378.7735714383675
3378.828343621097
3378.8831026519083
3378.9378485430907
3378.9925813069485
3379.0473009558073
3379.1020075020087
3379.1567009579144
3379.2113813359033
3379.2660486483746
3379.3207029077453
3379.37534412645
3379.429972316943
3379.4845874916978
3379.5391896632054
3379.593778843978
3379.6483550465427
3379.7029182834494
3379.757468567265
3379.8120059105763
3379.8665303259877
3379.921041826124
3379.9755404236284
3380.0300261311654
3380.0844989614156
3380.1389589270802
3380.1934060408794
3380.247840315555
3380.302261763864
3380.356670398587
3380.411066232522
3380.4654492784866
3380.5198195493176
3380.5741770578734
3380.62852181703
3380.682853839684
3380.7371731387516
3380.791479727169
3380.8457736178925
3380.9000548238973
3380.9543233581794
3381.0085792337554
3381.062822463661
3381.117053060952
3381.171271038704
3381.2254764100144
3381.279669187999
3381.333849385795
3381.38801701656
3381.4421720934715
3381.496314629727
3381.550444638546
3381.6045621331673
3381.65866712685
3381.712759632875
3381.766839664543
3381.820907235177
3381.8749623581184
3381.9290050467293
3381.9830353143966
3382.037053174524
3382.0910586405366
3382.145051725884
3382.199032444032
3382.2530008084714
3382.3069568327132
3382.360900530288
3382.414831914749
3382.468750999671
3382.52265779865
3382.5765523253017
3382.6304345932667
3382.6843046162044
3382.738162407796
3382.7920079817454
3382.845841351778
3382.8996625316395
3382.9534715351
3383.007268375949
3383.0610530679996
3383.114825625085
3383.168586061063
3383.22233438981
3383.2760706252284
3383.3297947812393
3383.383506871788
3383.437206910842
3383.4908949123906
3383.544570890445
3383.59823485904
3383.6518868322314
3383.7055268240993
3383.7591548487453
3383.812770920293
3383.8663750528904
3383.919967260707
3383.9735475579355
3384.0271159587924
3384.0806724775134
3384.134217128363
3384.187749925623
3384.2412708836023
3384.2947800166316
3384.348277339064
3384.401762865277
3384.455236609671
3384.5086985866687
3384.5621488107186
3384.61558729629
3384.669014057877
3384.722429109999
3384.7758324671963
3384.8292241440327
3384.8826041550983
3384.9359725150052
3384.98932923839
3385.0426743399134
3385.096007834259
3385.149329736135
3385.2026400602745
3385.2559388214345
3385.3092260343947
3385.362501713961
3385.4157658749623
3385.4690185322534
3385.522259700712
3385.57548939524
3385.628707630766
3385.6819144222413
3385.7351097846436
3385.788293732973
3385.8414662822565
3385.894627447545
3385.947777243914
3386.000915686466
3386.0540427903265
3386.1071585706454
3386.1602630426
3386.213356221392
3386.266438122249
3386.319508760422
3386.372568151189
3386.4256163098535
3386.4786532517437
3386.531678992214
3386.5846935466457
3386.6376969304424
3386.690689159036
3386.743670247886
3386.7966402124725
3386.849599068307
3386.902546830924
3386.955483515885
3387.0084091387785
3387.061323715216
3387.11422726084
3387.1671197913165
3387.2200013223373
3387.2728718696226
3387.3257314489188
3387.3785800759974
3387.4314177666593
3387.484244536729
3387.5370604020604
3387.589865378533
3387.642659482053
3387.695442728556
3387.7482151340005
3387.8009767143762
3387.8537274856976
3387.906467464007
3387.9591966653757
3388.011915105899
3388.064622801704
3388.117319768941
3388.1700060237913
3388.222681582461
3388.2753464611874
3388.328000676234
3388.3806442438904
3388.433277180477
3388.48589950234
3388.538511225856
3388.591112367427
3388.6437029434865
3388.6962829704935
3388.748852464936
3388.801411443333
3388.853959922228
3388.906497918196
3388.9590254478394
3389.0115425277895
3389.064049174708
3389.1165454052825
3389.169031236232
3389.221506684303
3389.2739717662735
3389.3264264989475
3389.3788708991597
3389.431304983775
3389.483728769686
3389.5361422738165
3389.5885455131183
3389.640938504575
3389.693321265196
3389.745693812025
3389.7980561621325
3389.8504083326197
3389.9027503406182
3389.9550822032893
3390.007403937824
3390.059715561446
3390.112017091405
3390.1643085449846
3390.2165899394977
3390.268861292287
3390.3211226207272
3390.3733739422228
3390.4256152742087
3390.477846634152
3390.530068039549
3390.5822795079284
3390.634481056849
3390.6866727039014
3390.7388544667074
3390.791026362919
3390.8431884102215
3390.8953406263304
3390.947483028992
3390.999615635986
3391.051738465122
3391.103851534244
3391.1559548612245
3391.2080484639714
3391.260132360421
3391.312206568544
3391.364271106343
3391.4163259918532
3391.468371243141
3391.5204068783064
3391.5724329154805
3391.6244493728277
3391.676456268547
3391.7284536208663
3391.7804414480497
3391.8324197683924
3391.8843886002237
3391.936347961904
3391.98829787183
3392.0402383484293
3392.0921694101635
3392.1440910755277
3392.1960033630494
3392.247906291293
3392.299799878852
3392.351684144358
3392.4035591064735
3392.455424783895
3392.5072811953555
3392.55912835962
3392.610966295488
3392.662795021794
3392.7146145574065
3392.766424921228
3392.8182261321963
3392.8700182092834
3392.921801171496
3392.9735750378763
3393.0253398275
3393.0770955594794
3393.1288422529615
3393.1805799271274
3393.2323086011947
3393.284028294416
3393.335739026078
3393.387440815507
3393.439133682059
3393.4908176451313
3393.5424927241534
3393.594158938592
3393.6458163079506
3393.6974648517667
3393.7491045896163
3393.8007355411105
3393.852357725896
3393.9039711636583
3393.955575874116
3394.0071718770287
3394.05875919219
3394.110337839429
3394.161907838616
3394.213469209655
3394.2650219724874
3394.316566147093
3394.368101753489
3394.419628811729
3394.471147341905
3394.5226573641453
3394.5741588986175
3394.625651965527
3394.6771365851164
3394.728612777666
3394.7800805634943
3394.8315399629582
3394.882990996455
3394.934433684417
3394.9858680473167
3395.0372941056653
3395.088711880013
3395.1401213909467
3395.191522659096
3395.2429157051265
3395.294300549743
3395.3456772136906
3395.397045717755
3395.4484060827585
3395.4997583295635
3395.5511024790753
3395.602438552234
3395.6537665700234
3395.7050865534648
3395.7563985236225
3395.8077025015964
3395.858998508532
3395.910286565611
3395.9615666940576
3396.0128389151364
3396.064103250151
3396.1153597204493
3396.166608347418
3396.2178491524833
3396.269082157114
3396.320307382822
3396.371524851158
3396.422734583715
3396.473936602127
3396.525130928071
3396.5763175832653
3396.627496589468
3396.6786679684838
3396.7298317421546
3396.780987932367
3396.8321365610504
3396.8832776501745
3396.934411221755
3396.9855372978463
3397.036655900549
3397.087767052004
3397.138870774397
3397.1899670899566
3397.2410560209537
3397.292137589704
3397.343211818564
3397.394278729938
3397.4453383462696
3397.49639069005
3397.547435783811
3397.598473650132
3397.649504311634
3397.7005277909816
3397.7515441108867
3397.8025532941047
3397.8535553634347
3397.9045503417206
3397.9555382518524
3398.0065191167637
3398.057492959436
3398.108459802892
3398.159419670203
3398.2103725844845
3398.261318568898
3398.3122576466494
3398.3631898409935
3398.4141151752283
3398.465033672699
3398.5159453567962
3398.5668502509593
3398.617748378672
3398.6686397634644
3398.7195244289146
3398.770402398646
3398.821273696333
3398.8721383456914
3398.9229963704884
3398.973847794537
3399.024692641697
3399.0755309358788
3399.1263627010376
3399.1771879611783
3399.228006740352
3399.2788190626593
3399.3296249522487
3399.3804244333182
3399.431217530113
3399.482004266926
3399.5327846681025
3399.583558758034
3399.6343265611604
3399.685088101974
3399.735843405014
3399.7865924948683
3399.8373353961774
3399.8880721336286
3399.938802731963
3399.9895272159665
3400.040245610479
3400.0909579403888
3400.1416642306376
3400.192364506213
3400.2430587921567
3400.2937471135615
3400.3444294955693
3400.395105963374
3400.4457765422208
3400.496441257406
3400.5471001342776
3400.5977531982358
3400.6484004747326
3400.6990419892722
3400.7496777674087
3400.8003078347524
3400.8509322169625
3400.901550939752
3400.9521640288867
3401.0027715101864
3401.0533734095225
3401.1039697528186
3401.154560566055
3401.2051458752608
3401.2557257065237
3401.306300085981
3401.3568690398265
3401.407432594306
3401.4579907757225
3401.50854361043
3401.5590911248387
3401.609633345413
3401.660170298672
3401.7107020111907
3401.7612285095993
3401.8117498205806
3401.8622659708763
3401.912776987281
3401.9632828966473
3402.0137837258817
3402.064279501947
3402.1147702518633
3402.165256002707
3402.2157367816094
3402.26621261576
3402.316683532405
3402.367149558847
3402.4176107224453
3402.4680670506177
3402.5185185708388
3402.5689653106406
3402.6194072976145
3402.669844559407
3402.720277123725
3402.770705018332
3402.8211282710527
3402.871546909767
3402.921960962416
3402.9723704569988
4254.54566539823
4254.577836673662
4254.618055423945
4254.658259339198
4254.698448505577
4254.738622932935
4254.778782631142
4254.818927610089
4254.85905787969
4254.899173449875
4254.9392743306
4254.979360531836
4255.019432063579
4255.059488935844
4255.099531158665
4255.139558742098
4255.179571696222
4255.219570031137
4255.259553756958
4255.299522883827
4255.339477421905
4255.379417381376
4255.419342772441
4255.459253605328
4255.49914989028
4255.539031637567
4255.578898857478
4255.618751560323
4255.658589756435
4255.698413456167
4255.738222669894
4255.778017408015
4255.81779768095
4255.857563499138
4255.897314873044
4255.93705181315
4255.976774329968
4256.016482434024
4256.05617613587
4256.09585544608
4256.135520375253
4256.175170934003
4256.214807132976
4256.254428982833
4256.294036494261
4256.333629677969
4256.373208544688
4256.412773105174
4256.452323370204
4256.491859350579
4256.5313810571215
4256.570888500679
4256.61038169212
4256.649860642339
4256.689325362253
4256.728775862798
4256.76821215494
4256.807634249664
4256.847042157983
4256.886435890927
4256.925815459555
4256.965180874949
4257.004532148214
4257.043869290477
4257.0831923128935
4257.122501226639
4257.161796042915
4257.201076772947
4257.240343427985
4257.2795960193025
4257.318834558198
4257.358059055994
4257.397269524039
4257.436465973704
4257.475648416386
4257.514816863508
4257.553971326515
4257.593111816878
4257.632238346095
4257.671350925685
4257.710449567197
4257.749534282202
4257.788605082297
4257.827661979104
4257.8667049842725
4257.905734109475
4257.944749366409
4257.9837507668035
4258.022738322404
4258.061712044991
4258.100671946364
4258.139618038354
4258.178550332813
4258.217468841621
4258.256373576688
4258.2952645499445
4258.334141773349
4258.373005258891
4258.41185501858
4258.450691064457
4258.4895134085855
4258.528322063059
4258.567117039998
4258.605898351549
4258.644666009883
4258.683420027202
4258.722160415734
4258.760887187734
4258.799600355484
4258.8382999312935
4258.876985927499
4258.915658356468
4258.954317230591
4258.992962562289
4259.03159436401
4259.070212648231
4259.1088174274555
4259.147408714215
4259.185986521071
4259.224550860612
4259.263101745456
4259.3016391882475
4259.34016320166
4259.378673798399
4259.417170991194
4259.455654792805
4259.494125216022
4259.532582273665
4259.571025978577
4259.609456343638
4259.647873381752
4259.686277105855
4259.724667528911
4259.763044663913
4259.8014085238865
4259.839759121883
4259.878096470988
4259.916420584311
4259.954731474997
4259.9930291562205
4260.031313641181
4260.069584943114
4260.107843075284
4260.146088050985
4260.1843198835395
4260.222538586306
4260.260744172667
4260.298936656043
4260.33711604988
4260.375282367658
4260.413435622884
4260.451575829103
4260.489702999885
4260.527817148834
4260.565918289588
4260.604006435809
4260.6420816012005
4260.680143799491
4260.718193044441
4260.756229349848
4260.794252729536
4260.832263197364
4260.870260767224
4260.908245453038
4260.946217268763
4260.984176228386
4261.022122345929
4261.060055635445
4261.097976111021
4261.1358837867765
4261.173778676865
4261.211660795472
4261.249530156816
4261.287386775152
4261.325230664765
4261.363061839975
4261.400880315134
4261.4386861046305
4261.476479222888
4261.51425968436
4261.552027503536
4261.58978269494
4261.627525273132
4261.665255252702
4261.702972648279
4261.740677474525
4261.778369746136
4261.816049477845
4261.853716684417
4261.891371380657
4261.929013581399
4261.966643301518
4262.004260555919
4262.04186535955
4262.079457727386
4262.117037674446
4262.154605215777
4262.192160366471
4262.229703141647
4262.2672335564675
4262.304751626127
4262.342257365858
4262.37975079093
4262.417231916649
4262.454700758358
4262.492157331437
4262.5296016513
4262.567033733405
4262.604453593241
4262.641861246337
4262.679256708259
4262.716639994613
4262.754011121038
4262.791370103218
4262.828716956867
4262.866051697742
4262.9033743416385
4262.940684904389
4262.977983401864
4263.015269849973
4263.052544264668
4263.089806661934
4263.127057057797
4263.164295468326
4263.201521909625
4263.238736397839
4263.27593894915
4263.313129579786
4263.350308306007
4263.387475144119
4263.424630110465
4263.461773221429
4263.498904493436
4263.536023942952
4263.57313158648
4263.610227440567
4263.6473115218
4263.684383846808
4263.721444432258
4263.758493294863
4263.795530451373
4263.832555918584
4263.869569713328
4263.906571852483
4263.943562352969
4263.980541231745
4264.0175085058145
4264.054464192224
4264.091408308061
4264.128340870456
4264.165261896582
4264.2021714036555
4264.239069408938
4264.275955929729
4264.3128309833755
4264.3496945872685
4264.3865467588375
4264.423387515563
4264.460216874964
4264.497034854608
4264.533841472098
4264.570636745093
4264.607420691288
4264.644193328428
4264.680954674298
4264.717704746731
4264.7544435636055
4264.791171142842
4264.827887502411
4264.864592660325
4264.901286634643
4264.93796944347
4264.974641104957
4265.011301637303
4265.04795105875
4265.0845893875885
4265.1212166421565
4265.157832840836
4265.194438002057
4265.231032144298
4265.267615286085
4265.304187445988
4265.340748642629
4265.377298894672
4265.413838220835
4265.450366639882
4265.486884170623
4265.523390831919
4265.559886642679
4265.596371621858
4265.632845788465
4265.669309161553
4265.705761760229
4265.742203603643
4265.778634711001
4265.815055101555
4265.851464794608
4265.887863809513
4265.924252165672
4265.96062988254
4265.996996979619
4266.033353476467
4266.069699392685
4266.106034747934
4266.142359561919
4266.178673854401
4266.214977645188
4266.251270954145
4266.287553801188
4266.3238262062805
4266.360088189442
4266.396339770746
4266.432580970313
4266.468811808324
4266.505032305006
4266.541242480644
4266.577442355572
4266.613631950183
4266.6498112849185
4266.685980380277
4266.722139256811
4266.758287935124
4266.794426435879
4266.830554779792
4266.86667298763
4266.902781080222
4266.938879078444
4266.974967003236
4267.011044875587
4267.047112716544
4267.083170547212
4267.119218388749
4267.155256262372
4267.191284189352
4267.22730219102
4267.26331028876
4267.299308504019
4267.335296858294
4267.371275373146
4267.407244070189
4267.443202971099
4267.479152097606
4267.515091471503
4267.551021114639
4267.586941048922
4267.622851296318
4267.658751878854
4267.694642818616
4267.730524137749
4267.766395858458
4267.802258003008
4267.838110593727
4267.873953652997
4267.909787203266
4267.945611267044
4267.981425866896
4268.017231025455
4268.053026765409
4268.088813109514
4268.124590080585
4268.1603577014985
4268.196115995194
4268.231864984674
4268.2676046930055
4268.303335143314
4268.339056358793
4268.374768362698
4268.410471178347
4268.446164829123
4268.481849338472
4268.517524729908
4268.553191027005
4268.588848253405
4268.624496432813
4268.6601355890025
4268.695765745809
4268.731386927137
4268.766999156954
4268.802602459295
4268.838196858262
4268.873782378025
4268.909359042818
4268.944926876944
4268.9804859047745
4269.016036150746
4269.051577639365
4269.087110395207
4269.1226344429115
4269.158149807193
4269.19365651283
4269.229154584673
4269.26464404764
4269.30012492672
4269.335597246973
4269.371061033525
4269.406516311577
4269.4419631064
4269.477401443333
4269.512831347789
4269.548252845252
4269.583665961277
4269.619070721492
4269.654467151596
4269.689855277362
4269.725235124633
4269.76060671933
4269.795970087443
4269.831325255037
4269.86667224825
4269.902011093297
4269.937341816464
4269.972664444113
4270.007979002683
4270.043285518683
4270.078584018703
4270.1138745294065
4270.149157077532
4270.184431689898
4270.219698393393
4270.254957214989
4270.290208181732
4270.325451320747
4270.3606866592345
4270.395914224475
4270.431134043826
4270.466346144726
4270.501550554689
4270.53674730131
4270.571936412265
4270.607117915306
4270.64229183827
4270.677458209068
4270.7126170556985
4270.747768406236
4270.782912288838
4270.818048731745
4270.853177763277
4270.888299411837
4270.923413705911
4270.958520674068
4270.993620344959
4271.028712747319
4271.0637979099665
4271.098875861806
4271.133946631821
4271.1690102490875
4271.20406674276
4271.239116142081
4271.274158476379
4271.309193775067
4271.344222067645
4271.3792433837
4271.414257752905
4271.44926520502
4271.4842657698955
4271.519259477466
4271.5542463577585
4271.589226440883
4271.624199757043
4271.65916633653
4271.694126209725
4271.729079407098
4271.764025959211
4271.798965896715
4271.833899250354
4271.86882605096
4271.90374632946
4271.938660116871
4271.973567444304
4272.008468342959
4272.043362844136
4272.07825097922
4272.1131327796975
4272.148008277143
4272.182877503229
4272.217740489723
4272.252597268484
4272.287447871473
4272.32229233074
4272.357130678435
4272.391962946806
4272.426789168194
4272.461609375041
4272.496423599886
4272.531231875363
4272.566034234212
4272.600830709261
4272.635621333449
4272.670406139806
4272.705185161468
4272.739958431666
4272.774725983737
4272.809487851116
4272.84424406734
4272.878994666049
4272.913739680987
4272.948479145996
4272.983213095027
4273.017941562131
4273.052664581464
4273.087382187286
4273.122094413962
4273.156801295963
4273.191502867867
4273.226199164354
4273.260890220215
4273.2955760703435
4273.330256749744
4273.364932293529
4273.399602736916
4273.434268115233
4273.468928463918
4273.503583818517
4273.538234214685
4273.572879688191
4273.6075202749125
4273.642156010836
4273.676786932064
4273.711413074808
4273.7460344753945
4273.78065117026
4273.815263195957
4273.849870589152
4273.884473386622
4273.919071625264
4273.953665342087
4273.988254574218
4274.022839358899
4274.057419733485
4274.091995735455
4274.126567402402
4274.161134772037
4274.195697882188
4274.230256770806
4274.2648114759595
4274.299362035836
4274.333908488742
4274.368450873111
4274.402989227493
4274.437523590559
4274.472054001107
4274.506580498053
4274.541103120439
4274.575621907433
4274.610136898322
4274.644648132521
4274.679155649573
4274.71365948914
4274.7481596910175
4274.782656295124
4274.817149341506
4274.851638870338
4274.886124921925
4274.920607536698
4274.955086755218
4274.989562618178
4275.0240351664
4275.058504440837
4275.092970482576
4275.127433332832
4275.161893032957
4275.196349624433
4275.230803148878
4275.265253648043
4275.299701163815
4275.334145738216
4275.3685874134035
4275.403026231671
4275.437462235453
4275.471895467317
4275.50632596997
4275.540753786261
4275.575178959174
4275.609601531836
4275.644021547513
4275.678439049613
4275.712854081686
4275.747266687423
4275.7816769106585
4275.816084795372
4275.850490385686
4275.884893725866
4275.919294860327
4275.953693833625
4275.988090690467
4276.022485475703
4276.056878234335
4276.09126901151
4276.125657852526
4276.160044802829
4276.194429908018
4276.228813213839
4276.263194766193
4276.297574611131
4276.331952794857
4276.366329363731
4276.400704364262
4276.435077843121
4276.469449847128
4276.503820423261
4276.5381896186545
4276.572557480602
4276.606924056554
4276.64128939412
4276.675653541067
4276.710016545325
4276.744378454981
4276.77873931829
4276.8130991836615
4276.847458099672
4276.88181611506
4276.916173278731
4276.950529639751
4276.984885247355
4277.019240150942
4277.053594400081
4277.087948044506
4277.12230113412
4277.156653718997
4277.191005849378
4277.225357575676
4277.259708948476
4277.294060018536
4277.328410836782
4277.36276145432
4277.397111922428
4277.431462292555
4277.465812616332
4277.500162945564
4277.534513332233
4277.568863828498
4277.6032144867
4277.637565359359
4277.671916499173
4277.706267959023
4277.740619791972
4277.774972051267
4277.809324790336
4277.8436780627935
4277.87803192244
4277.912386423259
4277.946741619423
4277.981097565293
4278.015454315415
4278.049811924529
4278.084170447562
4278.118529939634
4278.152890456055
4278.1872520523275
4278.221614784149
4278.255978707412
4278.290343878204
4278.324710352806
4278.359078187699
4278.393447439561
4278.427818165266
4278.462190421894
4278.496564266719
4278.530939757221
4278.565316951079
4278.599695906177
4278.634076680602
4278.668459332649
4278.702843920814
4278.737230503805
4278.7716191405325
4278.806009890122
4278.840402811903
4278.874797965417
4278.909195410421
4278.943595206878
4278.97799741497
4279.012402095089
4279.046809307845
4279.081219114066
4279.115631574793
4279.150046751289
4279.184464705033
4279.218885497727
4279.253309191293
4279.2877358478745
4279.322165529841
4279.356598299784
4279.391034220522
4279.425473355096
4279.459915766779
4279.49436151907
4279.528810675697
4279.563263300621
4279.597719458033
4279.632179212355
4279.6666426282445
4279.701109770595
4279.735580704534
4279.770055495424
4279.804534208869
4279.839016910712
4279.873503667033
4279.907994544155
4279.942489608646
4279.976988927312
4280.011492567208
4280.046000595633
4280.080513080135
4280.1150300885065
4280.149551688793
4280.184077949286
4280.218608938533
4280.253144725331
4280.287685378733
4280.322230968044
4280.35678156283
4280.391337232912
4280.425898048366
4280.460464079532
4280.495035397013
4280.529612071669
4280.564194174627
4280.5987817772775
4280.633374951278
4280.667973768551
4280.702578301289
4280.737188621954
4280.771804803281
4280.806426918275
4280.841055040213
4280.875689242652
4280.910329599421
4280.944976184626
4280.979629072656
4281.014288338177
4281.048954056136
4281.083626301764
4281.118305150576
4281.152990678374
4281.187682961244
4281.222382075562
4281.257088097993
4281.291801105493
4281.32652117531
4281.361248384987
4281.3959828123625
4281.430724535569
4281.4654736330385
4281.500230183506
4281.534994265999
4281.569765959854
4281.6045453447105
4281.639332500513
4281.674127507511
4281.7089304462625
4281.743741397639
4281.778560442817
4281.813387663292
7362.4234008787225
7362.478962575657
7362.64306252389
7362.806988010572
7362.970743911782
7363.134330257177
7363.297747076603
7363.46099439986
7363.624072256717
7363.78698067691
7363.949719690134
7364.112289326048
7364.274689614275
7364.436920584407
7364.598982265994
7364.760874688552
7364.922597881561
7365.084151874467
7365.245536696679
7365.406752377567
7365.567798946468
7365.728676432686
7365.8893848654825
7366.049924274088
7366.210294687697
7366.370496135466
7366.530528646518
7366.690392249937
7366.850086974778
7367.009612850051
7367.168969904739
7367.328158167783
7367.487177668092
7367.64602843454
7367.804710495963
7367.963223881161
7368.121568618902
7368.279744737915
7368.4377522668965
7368.595591234503
7368.753261669362
7368.910763600061
7369.068097055153
7369.225262063154
7369.38225865255
7369.539086851787
7369.695746689278
7369.852238193396
7370.008561392487
7370.164716314854
7370.320702988768
7370.476521442469
7370.632171704153
7370.787653801986
7370.942967764101
7371.098113618591
7371.253091393517
7371.407901116904
7371.562542816743
7371.717016520987
7371.871322257558
7372.025460054341
7372.179429939185
7372.333231939904
7372.486866084282
7372.640332400061
7372.7936309149545
7372.946761656635
7373.099724652746
7373.252519930889
7373.405147518642
7373.557607443536
7373.709899733075
7373.862024414726
7374.013981515919
7374.165771064055
7374.317393086494
7374.468847610567
7374.620134663564
7374.771254272746
7374.922206465339
7375.072991268531
7375.223608709476
7375.374058815297
7375.52434161308
7375.674457129875
7375.824405392702
7375.974186428542
7376.123800264343
7376.273246927022
7376.422526443455
7376.571638840489
7376.720584144933
7376.869362383568
7377.0179735831325
7377.166417770336
7377.314694971852
7377.462805214321
7377.610748524346
7377.7585249284975
7377.906134453317
7378.053577125303
7378.200852970924
7378.347962016617
7378.494904288781
7378.6416798137825
7378.788288617952
7378.934730727592
7379.081006168962
7379.227114968292
7379.373057151783
7379.518832745591
7379.664441775849
7379.809884268648
7379.95516025005
7380.100269746082
7380.245212782734
7380.389989385966
7380.534599581703
7380.679043395838
7380.823320854224
7380.967431982686
7381.111376807016
7381.255155352967
7381.398767646263
7381.542213712593
7381.685493577609
7381.828607266935
7381.971554806156
7382.114336220828
7382.256951536469
7382.39940077857
7382.541683972579
7382.683801143919
7382.825752317975
7382.967537520097
7383.109156775607
7383.2506101097915
7383.391897547899
7383.533019115151
7383.673974836729
7383.814764737792
7383.95538884345
7384.095847178793
7384.236139768871
7384.376266638702
7384.516227813274
7384.656023317535
7384.795653176406
7384.935117414769
7385.0744160574795
7385.213549129356
7385.352516655181
7385.49131865971
7385.62995516766
7385.768426203719
7385.906731792537
7386.0448719587375
7386.182846726904
7386.320656121593
7386.458300167322
7386.595778888582
7386.733092309824
7386.87024045547
7387.00722334991
7387.144041017501
7387.280693482561
7387.417180769385
7387.553502902225
7387.689659905307
7387.825651802822
7387.961478618928
7388.0971403777485
7388.232637103379
7388.367968819876
7388.50313555127
7388.638137321552
7388.772974154682
7388.907646074593
7389.042153105178
7389.1764952703
7389.3106725937905
7389.444685099446
7389.578532811033
7389.712215752282
7389.845733946896
7389.979087418538
7390.112276190847
7390.245300287422
7390.378159731834
7390.510854547619
7390.643384758281
7390.7757503872945
7390.907951458096
7391.039987994095
7391.171860018664
7391.303567555147
7391.435110626853
7391.566489257059
7391.697703469011
7391.828753285919
7391.959638730967
7392.090359827298
7392.220916598033
7392.351309066252
7392.481537255007
7392.611601187316
7392.741500886166
7392.871236374513
7393.000807675276
7393.130214811346
7393.259457805582
7393.388536680807
7393.5174514598175
7393.6462021653715
7393.774788820201
7393.903211447001
7394.031470068438
7394.1595647071435
7394.287495385719
7394.415262126734
7394.542864952723
7394.670303886194
7394.797578949618
7394.924690165434
7395.051637556054
7395.178421143854
7395.305040951179
7395.431497000342
7395.557789313623
7395.683917913275
7395.809882821511
7395.935684060519
7396.061321652453
7396.186795619434
7396.312105983554
7396.437252766868
7396.562235991408
7396.6870556791655
7396.811711852103
7396.936204532153
7397.060533741218
7397.184699501163
7397.308701833824
7397.432540761008
7397.556216304485
7397.679728486002
7397.803077327266
7397.926262849955
7398.0492850757155
7398.172144026163
7398.294839722881
7398.417372187425
7398.539741441311
7398.661947506031
7398.7839904030425
7398.90587015377
7399.02758677961
7399.149140301926
7399.270530742049
7399.391758121281
7399.512822460889
7399.633723782113
7399.754462106158
7399.875037454199
7399.99544984738
7400.115699306813
7400.235785853583
7400.355709508735
7400.4754702932905
7400.595068228235
7400.714503334526
7400.833775633087
7400.952885144814
7401.0718318905665
7401.190615891178
7401.309237167448
7401.427695740147
7401.545991630011
7401.664124857747
7401.782095444031
7401.899903409509
7402.017548774792
7402.135031560464
7402.252351787077
7402.36950947515
7402.486504645173
7402.603337317603
7402.72000751287
7402.83651525137
7402.952860553467
7403.0690434394955
7403.18506392976
7403.300922044533
7403.416617804056
7403.532151228541
7403.647522338167
7403.762731153081
7403.877777693408
7403.992661979228
7404.107384030601
7404.221943867555
7404.336341510081
7404.450576978147
7404.564650291684
7404.678561470596
7404.792310534754
7404.905897504002
7405.019322398148
7405.132585236974
7405.245686040227
7405.358624827628
7405.471401618864
7405.584016433592
7405.696469291442
7405.808760212006
7405.920889214851
7406.0328563195135
7406.144661545496
7406.256304912274
7406.367786439289
7406.479106145956
7406.590264051656
7406.701260175743
7406.812094537535
7406.922767156326
7407.0332780513745
7407.143627241912
7407.253814747137
7407.36384058622
7407.473704778299
7407.583407342482
7407.6929482978485
7407.802327663445
7407.91154545829
7408.020601701369
7408.1294964116405
7408.2382296080295
7408.346801309434
7408.455211534717
7408.563460302717
7408.671547632238
7408.779473542055
7408.887238050913
7408.994841177527
7409.102282940581
7409.2095633587305
7409.3166824506
7409.4236402347815
7409.5304367298395
7409.637071954308
7409.743545926692
7409.849858665461
7409.956010189064
7410.06200051591
7410.167829664383
7410.273497652839
7410.3790044995985
7410.484350222954
7410.589534841171
7410.694558372481
7410.799420835088
7410.904122247165
7411.008662626856
7411.113041992272
7411.217260361498
7411.321317752588
7411.425214183563
7411.528949672419
7411.632524237119
7411.735937895596
7411.839190665755
7411.94228256547
7412.045213612585
7412.147983824915
7412.250593220243
7412.353041816326
7412.455329630888
7412.557456681625
7412.6594229862
7412.761228562254
7412.862873427387
7412.964357599179
7413.065681095173
7413.166843932892
7413.267846129819
7413.3686877034115
7413.469368671098
7413.569889050278
7413.670248858318
7413.770448112558
7413.870486830306
7413.970365028844
7414.070082725421
7414.169639937259
7414.269036681546
7414.368272975446
7414.467348836089
7414.566264280579
7414.665019325988
7414.763613989359
7414.862048287708
7414.9603222380165
7415.058435857241
7415.1563891623055
7415.254182170109
7415.351814897515
7415.449287361362
7415.546599578456
7415.643751565578
7415.740743339476
7415.837574916868
7415.934246314448
7416.03075754887
7416.1271086367715
7416.223299594754
7416.319330439389
7416.415201187218
7416.510911854759
7416.606462458494
7416.70185301488
7416.797083540345
7416.892154051283
7416.987064564063
7417.0818150950245
7417.176405660477
7417.270836276699
7417.365106959944
7417.459217726432
7417.553168592356
7417.646959573881
7417.740590687139
7417.834061948237
7417.9273733732525
7418.0205249782275
7418.1135167791845
7418.2063487921105
7418.299021032966
7418.391533517682
7418.483886262159
7418.576079282268
7418.668112593857
7418.759986212737
7418.851700154693
7418.943254435484
7419.034649070836
7419.125884076448
7419.216959467988
7419.307875261099
7419.39863147139
7419.489228114447
7419.57966520582
7419.6699427610365
7419.760060795591
7419.850019324951
7419.939818364555
7420.0294579298115
7420.118938036099
7420.2082586987735
7420.297419933156
7420.386421754538
7420.475264178185
7420.563947219336
7420.652470893197
7420.740835214946
7420.829040199732
7420.9170858626785
7421.004972218874
7421.0926992833865
7421.180267071248
7421.267675597465
7421.354924877016
7421.442014924849
7421.528945755884
7421.61571738501
7421.702329827093
7421.788783096965
7421.875077209432
7421.961212179271
7422.047188021228
7422.133004750024
7422.218662380349
7422.304160926866
7422.389500404207
7422.47468082698
7422.559702209756
7422.644564567089
7422.729267913494
7422.813812263463
7422.898197631457
7422.982424031911
7423.0664914792305
7423.150399987791
7423.234149571942
7423.317740246001
7423.40117202426
7423.484444920983
7423.567558950402
7423.650514126724
7423.733310464126
7423.815947976758
7423.898426678738
7423.98074658416
7424.062907707088
7424.144910061556
7424.226753661572
7424.308438521114
7424.389964654132
7424.471332074547
7424.552540796254
7424.6335908331175
7424.714482198974
7424.795214907633
7424.875788972874
7424.956204408448
7425.036461228081
7425.116559445466
7425.19649907427
7425.276280128135
7425.355902620668
7425.435366565453
7425.514671976043
7425.5938188659675
7425.6728072487185
7425.751637137769
7425.83030854656
7425.908821488504
7425.987175976987
7426.065372025364
7426.143409646965
7426.2212888550885
7426.29900966301
7426.376572083971
7426.453976131189
7426.531221817852
7426.608309157119
7426.685238162121
7426.762008845965
7426.838621221724
7426.915075302445
7426.9913711011495
7427.067508630827
7427.143487904443
7427.219308934931
7427.2949717351985
7427.370476318127
7427.445822696565
7427.521010883339
7427.59604089124
7427.67091273304
7427.745626421473
7427.820181969257
7427.894579389071
7427.968818693572
7428.042899895388
7428.116823007117
7428.190588041332
7428.264195010579
7428.337643927369
7428.410934804194
7428.484067653513
7428.557042487759
7428.629859319335
7428.70251816062
7428.775019023959
7428.8473619216775
7428.919546866064
7428.991573869387
7429.063442943883
7429.135154101761
7429.206707355204
7429.278102716366
7429.349340197373
7429.420419810322
7429.491341567286
7429.562105480306
7429.6327115613985
7429.703159822551
7429.773450275724
7429.843582932846
7429.913557805825
7429.983374906538
7430.05303424683
7430.122535838526
7430.191879693418
7430.261065823271
7430.330094239823
7430.398964954788
7430.467677979845
7430.53623332665
7430.604631006832
7430.672871031991
7430.740953413698
7430.808878163497
7430.8766452929085
7430.9442548134175
7431.011706736491
7431.079001073558
7431.146137836031
7431.213117035283
7431.27993868267
7431.346602789515
7431.413109367115
7431.479458426737
7431.545649979626
7431.611684036992
7431.677560610025
7431.743279709881
7431.8088413476935
7431.8742455345655
7431.939492281573
7432.004581599767
7432.069513500168
7432.134287993767
7432.198905091537
7432.263364804412
7432.327667143305
7432.391812119101
7432.455799742658
7432.519630024803
7432.583302976338
7432.64681860804
7432.7101769306555
7432.773377954903
7432.836421691476
7432.89930815104
7432.96203734423
7433.0246092816615
7433.087023973913
7433.149281431543
7433.211381665079
7433.273324685022
7433.3351105018455
7433.396739125996
7433.458210567893
7433.519524837927
7433.580681946462
7433.641681903839
7433.702524720366
7433.763210406322
7433.823738971969
7433.88411042753
7433.944324783208
7434.004382049177
7434.064282235582
7434.124025352543
7434.1836114101525
7434.243040418473
7434.302312387545
7434.361427327376
7434.420385247951
7434.479186159225
7434.537830071127
7434.59631699356
7434.654646936396
7434.712819909483
7434.770835922641
7434.828694985665
7434.886397108317
7434.943942300339
7435.00133057144
7435.058561931306
7435.115636389594
7435.172553955933
7435.229314639928
7435.2859184511535
7435.342365399158
7435.3986554934645
7435.454788743567
7435.510765158933
7435.566584749004
7435.622247523192
7435.677753490884
7435.73310266144
7435.788295044192
7435.843330648444
7435.898209483476
7435.952931558539
7436.007496882857
7436.061905465627
7436.11615731602
7436.170252443177
7436.2241908562155
7436.277972564226
7436.331597576269
7436.3850659013815
7436.438377548569
7436.491532526817
7436.544530845076
7436.597372512276
7436.650057537315
7436.702585929069
7436.754957696382
7436.807172848077
7436.859231392946
7436.911133339752
7436.962878697237
7437.014467474112
7437.065899679063
7437.117175320745
7437.168294407794
7437.2192569488125
7437.270062952378
7437.320712427038
7437.371205381324
7437.421541823726
7437.471721762718
7437.521745206743
7437.571612164216
7437.6213226435275
7437.67087665304
7437.72027420109
7437.769515295986
7437.818599946012
7437.867528159422
7437.916299944445
7437.964915309284
7438.013374262114
7438.061676811081
7438.109822964311
7438.157812729894
7438.205646115903
7438.253323130376
7438.300843781329
7438.348208076749
7438.3954160245985
7438.44246763281
7438.489362909291
7438.536101861924
7438.582684498564
7438.629110827035
7438.675380855141
7438.721494590655
7438.767452041325
7438.8132532148675
7438.858898118982
7438.904386761333
7438.94971914956
7438.994895291279
7439.039915194078
7439.084778865515
7439.129486313124
7439.174037544415
7439.218432566866
7439.26267138793
7439.306754015039
7439.350680455587
7439.3944507169535
7439.438064806483
7439.481522731499
7439.524824499291
7439.567970117131
7439.610959592258
7439.6537929318865
7439.696470143205
7439.738991233373
7439.781356209525
7439.823565078771
7439.865617848192
7439.90751452484
7439.949255115746
7439.990839627911
7440.032268068309
7440.07354044389
7440.114656761578
7440.155617028262
7440.196421250817
7440.237069436082
7440.277561590875
7440.317897721983
7440.35807783617
7440.3981019401745
7440.437970040702
7440.4776821444375
7440.517238258039
7440.556638388134
7440.59588254133
7440.634970724201
7440.673902943298
7440.712679205146
7440.751299516244
7440.789763883062
7440.828072312044
7440.86622480961
7440.904221382151
7440.942062036034
7440.979746777595
7441.017275613148
7441.0546485489795
7441.091865591349
7441.12892674649
7441.16583202061
7441.202581419885
7441.239174950474
7441.275612618502
7441.311894430071
7441.348020391257
7441.383990508104
7441.419804786639
7441.455463232852
7441.490965852718
7441.526312652174
7441.561503637139
7441.596538813505
7441.631418187131
7441.666141763858
7441.700709549495
7441.7351215498265
7441.769377770611
7441.803478217578
7441.837422896436
7441.871211812862
7441.904844972511
7441.938322381005
7441.971644043947
7442.004809966909
7442.037820155441
7442.07067461506
7442.103373351264
7442.135916369519
7442.168303675267
7442.200535273926
7442.2326111708835
7442.264531371502
7442.2962958811195
7442.3279047050455
7442.359357848564
7442.390655316932
7442.421797115382
7442.452783249121
7442.483613723326
7442.514288543149
7442.544807713716
7442.575171240131
7442.6053791274635
7442.635431380762
7442.6653280050505
7442.695069005319
7442.724654386541
7442.754084153657
7442.7833583115835
7442.81247686521
7442.8414398194
7442.870247178992
7442.898898948797
7442.9273951336
7442.95573573816
7442.983920767209
7443.011950225455
7443.039824117574
7443.067542448225
7443.095105222032
7443.1225124436
7443.1497641175
7443.176860248283
7443.203800840473
7443.2305858985665
7443.257215427033
7443.283689430315
7443.3100079128335
7443.33617087898
7443.362178333119
7443.388030279591
7443.413726722708
7443.439267666758
7443.464653116002
7443.489883074674
7443.514957546985
7443.539876537116
7443.5646400492205
7443.589248087434
7443.6137006558565
7443.637997758566
7443.6621393996165
7443.686125583031
7443.709956312811
7443.733631592929
7443.757151427331
7443.780515819939
7443.803724774649
7443.826778295326
7443.849676385817
7443.872419049933
7443.895006291469
7443.9174381141875
7443.939714521826
7443.961835518099
7443.983801106689
7444.005611291256
7444.027266075435
7444.048765462833
7444.070109457031
7444.091298061584
7444.112331280024
7444.133209115849
7444.1539315725395
7444.174498653546
7444.194910362291
7444.215166702176
7444.235267676572
7444.255213288826
7444.275003542259
7444.294638440162
7444.314117985808
7444.333442182435
7444.352611033262
7444.371624541478
7444.390482710248
7444.409185542707
7444.427733041968
7444.446125211119
7444.464362053215
7444.482443571295
7444.500369768363
7444.518140647401
7444.535756211367
7444.553216463185
7444.570521405763
7444.587671041977
7444.604665374678
7444.62150440669
7444.638188140814
7444.654716579823
7444.671089726463
7444.6873075834565
7444.703370153496
7444.719277439251
7444.7350294433645
7444.750626168456
7444.766067617115
7444.781353791904
7444.796484695363
7444.811460330007
7444.826280698319
7444.840945802764
7444.855455645773
7444.869810229755
7444.884009557094
7444.898053630148
7444.911942451244
7444.925676022689
7444.93925434676
7444.952677425712
7444.965945261771
7444.979057857135
7444.992015213981
7445.004817334458
7445.017464220687
7445.029955874763
7445.042292298761
7445.0544734947225
7445.066499464667
7445.0783702105855
7445.090085734448
7445.1016460381925
7445.1130511237325
7445.124300992959
7445.135395647734
7445.146335089896
7445.157119321249
7445.167748343586
7445.178222158661
7445.188540768207
7445.198704173933
7445.208712377516
7445.218565380615
7445.228263184855
7445.23780579184
7445.2471932031485
7445.256425420329
7445.265502444908
7445.274424278384
7445.283190922229
7445.29180237789
7445.300258646791
7445.3085597303225
7445.316705629856
7445.324696346735
7445.332531882275
7445.34021223777
7445.347737414481
7445.355107413651
7445.362322236491
7445.369381884188
7445.376286357907
7445.383035658777
7445.389629787915
7445.396068746397
7445.402352535287
7445.408481155611
7445.414454608377
7445.4202728945675
7445.42593601513
7445.431443970998
7445.436796763071
7445.441994392223
7445.447036859306
7445.451924165143
7445.456656310532
7445.461233296247
7445.46565512303
7445.469921791605
7445.474033302664
7445.477989656875
7445.481790854881
7445.485436897299
7445.48892778472
7445.492263517704
7445.495444096793
7445.4984695225
7445.501339795309
7445.504054915682
7445.506614884054
7445.509019700833
7445.511269366402
7445.5133638811185
7445.515303245312
7445.5170874592895
7445.518716523327
7445.520190437678
7445.521509202574
7445.522672818211
7445.523681284765
7445.524534602387
7445.525232771199
7445.5257757913005
7445.526163662759
7445.526396385624
