4.79e+22
4.788460614834992e+22
4.786922212988485e+22
4.785384354499828e+22
4.783847039854022e+22
4.7823102694094e+22
4.780774043523592e+22
4.779238362553489e+22
4.777703226855243e+22
4.776168636784274e+22
4.774634592695265e+22
4.7731010949421635e+22
4.771568143878188e+22
4.770035739855823e+22
4.768503883226824e+22
4.766972574342214e+22
4.765441813552292e+22
4.763911601206627e+22
4.762381937654062e+22
4.760852823242716e+22
4.759324258319983e+22
4.757796243232535e+22
4.756268778326321e+22
4.75474186394657e+22
4.75321550043779e+22
4.751689688143772e+22
4.750164427407589e+22
4.748639718571597e+22
4.747115561977436e+22
4.745591957966032e+22
4.744068906877597e+22
4.742546409051633e+22
4.741024464826928e+22
4.739503074541561e+22
4.737982238532901e+22
4.736461957137608e+22
4.734942230691638e+22
4.733423059530237e+22
4.731904443987948e+22
4.730386384398611e+22
4.728868881095359e+22
4.727351934410627e+22
4.725835544676147e+22
4.724319712222951e+22
4.722804437381373e+22
4.721289720481047e+22
4.719775561850912e+22
4.71826196181921e+22
4.716748920713489e+22
4.715236438860602e+22
4.713724516586709e+22
4.712213154217279e+22
4.710702352077088e+22
4.709192110490225e+22
4.707682429780089e+22
4.706173310269388e+22
4.704664752280148e+22
4.703156756133704e+22
4.70164932215071e+22
4.700142450651134e+22
4.698636141954261e+22
4.697130396378694e+22
4.695625214242354e+22
4.694120595862484e+22
4.692616541555647e+22
4.691113051637726e+22
4.689610126423929e+22
4.688107766228786e+22
4.6866059713661526e+22
4.68510474214921e+22
4.683604078890466e+22
4.682103981901756e+22
4.680604451494243e+22
4.67910548797842e+22
4.677607091664111e+22
4.6761092628604705e+22
4.674612001875985e+22
4.673115309018475e+22
4.671619184595095e+22
4.670123628912335e+22
4.668628642276019e+22
4.667134224991311e+22
4.665640377362709e+22
4.664147099694055e+22
4.662654392288526e+22
4.661162255448642e+22
4.659670689476265e+22
4.658179694672598e+22
4.656689271338187e+22
4.655199419772925e+22
4.653710140276048e+22
4.652221433146138e+22
4.650733298681126e+22
4.649245737178291e+22
4.647758748934257e+22
4.6462723342450035e+22
4.644786493405856e+22
4.643301226711494e+22
4.64181653445595e+22
4.640332416932607e+22
4.638848874434205e+22
4.637365907252838e+22
4.635883515679958e+22
4.6344017000063715e+22
4.632920460522243e+22
4.631439797517097e+22
4.629959711279817e+22
4.6284802020986484e+22
4.6270012702611955e+22
4.625522916054427e+22
4.6240451397646725e+22
4.622567941677628e+22
4.6210913220783545e+22
4.619615281251276e+22
4.618139819480185e+22
4.616664937048241e+22
4.615190634237974e+22
4.61371691133128e+22
4.612243768609426e+22
4.610771206353052e+22
4.609299224842166e+22
4.607827824356152e+22
4.6063570051737665e+22
4.60488676757314e+22
4.603417111831779e+22
4.601948038226565e+22
4.600479547033756e+22
4.59901163852899e+22
4.5975443129872815e+22
4.596077570683026e+22
4.594611411889997e+22
4.5931458368813515e+22
4.591680845929627e+22
4.590216439306744e+22
4.588752617284008e+22
4.587289380132106e+22
4.585826728121114e+22
4.584364661520491e+22
4.582903180599084e+22
4.581442285625128e+22
4.579981976866246e+22
4.5785222545894506e+22
4.577063119061145e+22
4.575604570547124e+22
4.574146609312572e+22
4.572689235622068e+22
4.5712324497395834e+22
4.5697762519284846e+22
4.568320642451533e+22
4.566865621570885e+22
4.565411189548095e+22
4.563957346644113e+22
4.5625040931192895e+22
4.561051429233373e+22
4.559599355245511e+22
4.558147871414253e+22
4.55669697799755e+22
4.5552466752527535e+22
4.55379696343662e+22
4.55234784280531e+22
4.550899313614387e+22
4.549451376118821e+22
4.548004030572986e+22
4.546557277230668e+22
4.545111116345055e+22
4.543665548168747e+22
4.542220572953753e+22
4.54077619095149e+22
4.539332402412788e+22
4.537889207587889e+22
4.536446606726445e+22
4.535004600077524e+22
4.533563187889606e+22
4.532122370410585e+22
4.530682147887773e+22
4.529242520567896e+22
4.527803488697098e+22
4.5263650525209415e+22
4.524927212284405e+22
4.52348996823189e+22
4.522053320607215e+22
4.52061726965362e+22
4.519181815613766e+22
4.5177469587297394e+22
4.516312699243045e+22
4.514879037394615e+22
4.513445973424804e+22
4.5120135075733935e+22
4.510581640079589e+22
4.5091503711820244e+22
4.507719701118761e+22
4.506289630127288e+22
4.504860158444523e+22
4.503431286306813e+22
4.502003013949937e+22
4.500575341609105e+22
4.4991482695189575e+22
4.497721797913568e+22
4.496295927026445e+22
4.4948706570905294e+22
4.4934459883381965e+22
4.492021921001259e+22
4.490598455310965e+22
4.489175591497998e+22
4.487753329792481e+22
4.486331670423977e+22
4.484910613621484e+22
4.483490159613442e+22
4.482070308627733e+22
4.480651060891678e+22
4.47923241663204e+22
4.477814376075026e+22
4.476396939446287e+22
4.4749801069709145e+22
4.473563878873449e+22
4.472148255377875e+22
4.4707332367076215e+22
4.469318823085567e+22
4.4679050147340355e+22
4.466491811874801e+22
4.465079214729085e+22
4.463667223517561e+22
4.46225583846035e+22
4.460845059777026e+22
4.459434887686614e+22
4.458025322407591e+22
4.456616364157889e+22
4.455208013154892e+22
4.45380026961544e+22
4.452393133755826e+22
4.4509866057918015e+22
4.449580685938572e+22
4.448175374410803e+22
4.446770671422615e+22
4.44536657718759e+22
4.443963091918768e+22
4.442560215828647e+22
4.441157949129189e+22
4.439756292031815e+22
4.438355244747409e+22
4.436954807486318e+22
4.435554980458351e+22
4.434155763872781e+22
4.432757157938348e+22
4.4313591628632536e+22
4.429961778855169e+22
4.428565006121229e+22
4.427168844868038e+22
4.425773295301667e+22
4.424378357627656e+22
4.422984032051014e+22
4.421590318776221e+22
4.420197218007226e+22
4.418804729947451e+22
4.417412854799787e+22
4.4160215927666e+22
4.414630944049729e+22
4.413240908850486e+22
4.411851487369658e+22
4.410462679807507e+22
4.409074486363769e+22
4.407686907237661e+22
4.406299942627871e+22
4.4049135927325696e+22
4.4035278577494034e+22
4.4021427378754974e+22
4.400758233307459e+22
4.399374344241372e+22
4.397991070872804e+22
4.396608413396803e+22
4.395226372007899e+22
4.393844946900105e+22
4.392464138266917e+22
4.391083946301316e+22
4.389704371195767e+22
4.3883254131422195e+22
4.38694707233211e+22
4.3855693489563605e+22
4.3841922432053816e+22
4.382815755269069e+22
4.38143988533681e+22
4.380064633597479e+22
4.378690000239441e+22
4.3773159854505485e+22
4.375942589418149e+22
4.374569812329078e+22
4.373197654369665e+22
4.371826115725731e+22
4.370455196582591e+22
4.369084897125053e+22
4.3677152175374215e+22
4.366346158003493e+22
4.364977718706563e+22
4.363609899829421e+22
4.362242701554354e+22
4.360876124063146e+22
4.3595101675370804e+22
4.358144832156938e+22
4.356780118103e+22
4.355416025555047e+22
4.35405255469236e+22
4.352689705693722e+22
4.351327478737415e+22
4.349965874001225e+22
4.348604891662443e+22
4.34724453189786e+22
4.345884794883773e+22
4.344525680795983e+22
4.343167189809797e+22
4.3418093221000256e+22
4.340452077840988e+22
4.33909545720651e+22
4.337739460369924e+22
4.3363840875040715e+22
4.335029338781303e+22
4.333675214373476e+22
4.332321714451961e+22
4.330968839187637e+22
4.329616588750895e+22
4.328264963311636e+22
4.3269139630392756e+22
4.32556358810274e+22
4.32421383867047e+22
4.322864714910419e+22
4.321516216990057e+22
4.320168345076366e+22
4.318821099335847e+22
4.317474479934515e+22
4.316128487037902e+22
4.314783120811058e+22
4.3134383814185505e+22
4.3120942690244644e+22
4.310750783792405e+22
4.3094079258854955e+22
4.305294394696249e+22
4.301183778398386e+22
4.2970760234302815e+22
4.292971128875324e+22
4.288869093815786e+22
4.284769917333827e+22
4.28067359851149e+22
4.2765801364307025e+22
4.2724895301732785e+22
4.268401778820917e+22
4.2643168814551995e+22
4.2602348371575954e+22
4.256155645009459e+22
4.252079304092027e+22
4.248005813486426e+22
4.243935172273664e+22
4.2398673795346355e+22
4.235802434350121e+22
4.231740335800787e+22
4.227681082967184e+22
4.223624674929749e+22
4.219571110768805e+22
4.215520389564558e+22
4.211472510397104e+22
4.207427472346422e+22
4.203385274492377e+22
4.1993459159147204e+22
4.195309395693089e+22
4.191275712907007e+22
4.187244866635882e+22
4.183216855959011e+22
4.179191679955574e+22
4.175169337704638e+22
4.171149828285159e+22
4.167133150775975e+22
4.163119304255814e+22
4.159108287803287e+22
4.155100100496895e+22
4.151094741415021e+22
4.14709220963594e+22
4.143092504237809e+22
4.139095624298674e+22
4.135101568896466e+22
4.131110337109004e+22
4.127121928013994e+22
4.123136340689028e+22
4.119153574211585e+22
4.115173627659031e+22
4.111196500108619e+22
4.107222190637489e+22
4.103250698322668e+22
4.099282022241071e+22
4.095316161469498e+22
4.091353115084638e+22
4.087392882163067e+22
4.0834354617812485e+22
4.0794808530155325e+22
4.0755290549421565e+22
4.071580066637247e+22
4.067633887176816e+22
4.0636905156367635e+22
4.059749951092879e+22
4.055812192620837e+22
4.0518772392962e+22
4.047945090194421e+22
4.044015744390838e+22
4.040089200960678e+22
4.036165458979055e+22
4.032244517520973e+22
4.028326375661322e+22
4.02441103247488e+22
4.020498487036315e+22
4.016588738420181e+22
4.0126817857009214e+22
4.008777627952867e+22
4.0048762642502385e+22
4.000977693667144e+22
3.997081915277578e+22
3.993188928155428e+22
3.989298731374465e+22
3.985411324008353e+22
3.981526705130641e+22
3.977644873814769e+22
3.9737658291340634e+22
3.969889570161743e+22
3.966016095970911e+22
3.962145405634563e+22
3.958277498225581e+22
3.9544123728167375e+22
3.9505500284806935e+22
3.946690464289999e+22
3.942833679317094e+22
3.938979672634305e+22
3.935128443313851e+22
3.9312799904278365e+22
3.927434313048259e+22
3.9235914102470045e+22
3.919751281095846e+22
3.915913924666449e+22
3.912079340030366e+22
3.90824752625904e+22
3.9044184824238035e+22
3.90059220759588e+22
3.89676870084638e+22
3.892947961246306e+22
3.889129987866549e+22
3.88531477977789e+22
3.881502336051001e+22
3.877692655756442e+22
3.8738857379646646e+22
3.870081581746009e+22
3.8662801861707074e+22
3.8624815503088806e+22
3.858685673230539e+22
3.854892554005585e+22
3.85110219170381e+22
3.847314585394897e+22
3.843529734148418e+22
3.839747637033835e+22
3.835968293120502e+22
3.832191701477661e+22
3.8284178611744495e+22
3.8246467712798905e+22
3.8208784308629e+22
3.8171128389922846e+22
3.813349994736741e+22
3.809589897164857e+22
3.8058325453451114e+22
3.802077938345873e+22
3.798326075235403e+22
3.794576955081853e+22
3.790830576953266e+22
3.787086939917574e+22
3.783346043042603e+22
3.77960788539607e+22
3.7758724660455797e+22
3.772139784058632e+22
3.768409838502616e+22
3.7646826284448135e+22
3.7609581529523967e+22
3.75723641109243e+22
3.7535174019318687e+22
3.7498011245375597e+22
3.7460875779762423e+22
3.7423767613145465e+22
3.7386686736189945e+22
3.7349633139560004e+22
3.73126068139187e+22
3.727560774992801e+22
3.7238635938248823e+22
3.720169136954096e+22
3.716477403446315e+22
3.7127883923673055e+22
3.709102102782725e+22
3.7054185337581226e+22
3.701737684358941e+22
3.6980595536505145e+22
3.694384140698069e+22
3.690711444566724e+22
3.687041464321491e+22
3.683374199027273e+22
3.6797096477488665e+22
3.6760478095509603e+22
3.672388683498136e+22
3.668732268654867e+22
3.6650785640855206e+22
3.6614275688543558e+22
3.657779282025525e+22
3.6541337026630733e+22
3.6504908298309383e+22
3.6468506625929514e+22
3.643213200012836e+22
3.639578441154209e+22
3.63594638508058e+22
3.6323170308553525e+22
3.6286903775418225e+22
3.6250664242031796e+22
3.6214451699025065e+22
3.617826613702779e+22
3.6142107546668665e+22
3.6105975918575317e+22
3.606987124337431e+22
3.6033793511691137e+22
3.599774271415024e+22
3.596171884137498e+22
3.5925721883987665e+22
3.5889751832609535e+22
3.585380867786077e+22
3.581789241036049e+22
3.5782003020726754e+22
3.574614049957655e+22
3.571030483752582e+22
3.567449602518944e+22
3.5638714053181212e+22
3.5602958912113902e+22
3.5567230592599204e+22
3.5531529085247757e+22
3.5495854380669144e+22
3.5460206469471885e+22
3.542458534226345e+22
3.538899098965025e+22
3.5353423402237637e+22
3.531788257062991e+22
3.528236848543032e+22
3.5246881137241052e+22
3.5211420516663243e+22
3.517598661429698e+22
3.5140579420741288e+22
3.5105198926594144e+22
3.506984512245248e+22
3.5034517998912164e+22
3.4999217546568026e+22
3.496394375601383e+22
3.492869661784231e+22
3.489347612264513e+22
3.4858282261012917e+22
3.4823115023535244e+22
3.478797440080064e+22
3.4752860383396588e+22
3.4717772961909517e+22
3.468271212692481e+22
3.4647677869026814e+22
3.4612670178798816e+22
3.457768904682307e+22
3.454273446368077e+22
3.4507806419952087e+22
3.447290490621613e+22
3.443802991305097e+22
3.440318143103364e+22
3.4368359450740127e+22
3.4333563962745376e+22
3.429879495762329e+22
3.4264052425946726e+22
3.4229336358287514e+22
3.419464674521643e+22
3.415998357730322e+22
3.4125346845116586e+22
3.409073653922419e+22
3.405615265019267e+22
3.40215951685876e+22
3.398706408497354e+22
3.3952559389914006e+22
3.3918081073971475e+22
3.3883629127707388e+22
3.3849203541682158e+22
3.3814804306455152e+22
3.3780431412584713e+22
3.3746084850628144e+22
3.3711764611141718e+22
3.3677470684680676e+22
3.364320306179922e+22
3.3608961733050526e+22
3.357474668898674e+22
3.3540557920158974e+22
3.3506395417117303e+22
3.3472259170410783e+22
3.3438149170587436e+22
3.3404065408194252e+22
3.33700078737772e+22
3.3335976557881216e+22
3.3301971451050203e+22
3.3267992543827046e+22
3.32340398267536e+22
3.3200113290370695e+22
3.316621292521813e+22
3.313233872183468e+22
3.30984906707581e+22
3.306466876252512e+22
3.3030872987671443e+22
3.299710333673175e+22
3.29633598002397e+22
3.292964236872792e+22
3.2895951032728037e+22
3.2862285782770633e+22
3.2828646609385284e+22
3.279503350310054e+22
3.276144645444393e+22
3.2727885453941965e+22
3.2694350492120134e+22
3.2660841559502916e+22
3.262735864661376e+22
3.2593901743975107e+22
3.2560470842108375e+22
3.2527065931533963e+22
3.2493687002771264e+22
3.2460334046338647e+22
3.2427007052753465e+22
3.239370601253206e+22
3.236043091618976e+22
3.2327181754240875e+22
3.2293958517198703e+22
3.226076119557553e+22
3.2227589779882634e+22
3.219444426063027e+22
3.216132462832769e+22
3.2128230873483134e+22
3.2095162986603825e+22
3.206212095819599e+22
3.2029104778764825e+22
3.199611443881454e+22
3.196314992884831e+22
3.1930211239368333e+22
3.1897298360875776e+22
3.1864411283870804e+22
3.1831549998852578e+22
3.179871449631925e+22
3.1765904766767968e+22
3.1733120800694873e+22
3.1700362588595102e+22
3.166763012096279e+22
3.163492338829106e+22
3.160224238107204e+22
3.156958708979685e+22
3.1536957504955613e+22
3.150435361703744e+22
3.147177541653045e+22
3.1439222893921752e+22
3.140669603969746e+22
3.137419484434269e+22
3.134171929834155e+22
3.130926939217716e+22
3.127684511633163e+22
3.1244446461286072e+22
3.121207341752061e+22
3.1179725975514367e+22
3.114740412574546e+22
3.1115107858691016e+22
3.1082837164827173e+22
3.105059203462906e+22
3.1018372458570817e+22
3.098617842712559e+22
3.095400993076553e+22
3.09218669599618e+22
3.0889749505184555e+22
3.0857657556902976e+22
3.0825591105585236e+22
3.079355014169852e+22
3.076153465570903e+22
3.072954463808197e+22
3.069758007928155e+22
3.066564096977099e+22
3.063372730001254e+22
3.060183906046743e+22
3.0569976241595928e+22
3.0538138833857295e+22
3.0506326827709816e+22
3.0474540213610784e+22
3.0442778982016507e+22
3.0411043123382308e+22
3.037933262816252e+22
3.034764748681049e+22
3.0315987689778587e+22
3.028435322751819e+22
3.0252744090479697e+22
3.022116026911252e+22
3.0189601753865086e+22
3.015806853518485e+22
3.012656060351827e+22
3.0095077949310832e+22
3.006362056300704e+22
3.0032188435050416e+22
3.0000781555883498e+22
2.9969399915947854e+22
2.993804350568406e+22
2.990671231553173e+22
2.987540633592948e+22
2.984412555731496e+22
2.9812869970124842e+22
2.978163956479482e+22
2.9750434331759605e+22
2.9719254261452943e+22
2.96880993443076e+22
2.9656969570755356e+22
2.9625864931227038e+22
2.9594785416152483e+22
2.956373101596056e+22
2.9532701721079157e+22
2.95016975219352e+22
2.947071840895464e+22
2.9439764372562454e+22
2.9408835403182644e+22
2.9377931491238247e+22
2.9347052627151326e+22
2.9316198801342976e+22
2.928537000423332e+22
2.925456622624152e+22
2.922378745778576e+22
2.9193033689283256e+22
2.916230491115026e+22
2.913160111380206e+22
2.910092228765297e+22
2.907026842311634e+22
2.903963951060456e+22
2.9009035540529045e+22
2.897845650330025e+22
2.894790238932767e+22
2.8917373189019826e+22
2.888686889278428e+22
2.8856389491027635e+22
2.882593497415553e+22
2.8795505332572637e+22
2.876510055668267e+22
2.873472063688838e+22
2.870436556359156e+22
2.8674035327193043e+22
2.8643729918092697e+22
2.8613449326689434e+22
2.8583193543381208e+22
2.855296255856501e+22
2.852275636263688e+22
2.8492574945991897e+22
2.8462418299024182e+22
2.84322864121269e+22
2.840217927569226e+22
2.8372096880111516e+22
2.8342039215774965e+22
2.8312006273071952e+22
2.8281998042390864e+22
2.825201451411914e+22
2.822205567864326e+22
2.8192121526348753e+22
2.816221204762019e+22
2.8132327232841206e+22
2.810246707239447e+22
2.8072631556661695e+22
2.8042820676023663e+22
2.8013034420860193e+22
2.7983272781550153e+22
2.795353574847147e+22
2.792382331200111e+22
2.7894135462515104e+22
2.786447219038853e+22
2.783483348599551e+22
2.7805219339709232e+22
2.7775629741901933e+22
2.7746064682944903e+22
2.7716524153208486e+22
2.768700814306208e+22
2.7657516642874146e+22
2.762804964301219e+22
2.759860713384277e+22
2.7569189105731526e+22
2.753979554904313e+22
2.751042645414132e+22
2.7481081811388896e+22
2.745176161114771e+22
2.742246584377868e+22
2.7393194499641774e+22
2.736394756909603e+22
2.7334725042499544e+22
2.7305526910209466e+22
2.7276353162582012e+22
2.7247203789972462e+22
2.7218078782735153e+22
2.718897813122349e+22
2.715990182578994e+22
2.713084985678603e+22
2.7101822214562357e+22
2.7072818889468575e+22
2.704383987185341e+22
2.7014885152064646e+22
2.698595472044914e+22
2.6957048567352814e+22
2.692816668312065e+22
2.689930905809671e+22
2.687047568262411e+22
2.6841666547045045e+22
2.681288164170077e+22
2.678412095693162e+22
2.6755384483076985e+22
2.6726672210475335e+22
2.6697984129464206e+22
2.666932023038021e+22
2.664068050355903e+22
2.6612064939335408e+22
2.6583473528043177e+22
2.6554906260015233e+22
2.6526363125583545e+22
2.6497844115079155e+22
2.646934921883218e+22
2.644087842717182e+22
2.6412431730426333e+22
2.638400911892307e+22
2.6355610582988444e+22
2.632723611294795e+22
2.6298885699126163e+22
2.6270559331846732e+22
2.6242257001432383e+22
2.621397869820492e+22
2.6185724412485226e+22
2.6157494134593267e+22
2.6129287854848083e+22
2.6101105563567798e+22
2.6072947251069613e+22
2.6044812907669816e+22
2.6016702523683767e+22
2.5988616089425913e+22
2.5960553595209786e+22
2.5932515031347997e+22
2.590450038815224e+22
2.5876509655933294e+22
2.5848542825001022e+22
2.582059988566437e+22
2.5792680828231372e+22
2.5764785643009146e+22
2.573691432030389e+22
2.57090668504209e+22
2.5681243223664552e+22
2.565344343033831e+22
2.5625667460744723e+22
2.559791530518543e+22
2.5570186953961163e+22
2.5542482397371736e+22
2.551480162571606e+22
2.548714462929213e+22
2.5459511398397037e+22
2.543190192332695e+22
2.5404316194377147e+22
2.5376754201841986e+22
2.534921593601492e+22
2.5321701387188495e+22
2.529421054565435e+22
2.526674340170322e+22
2.5239299945624936e+22
2.5211880167708413e+22
2.518448405824167e+22
2.5157111607511816e+22
2.512976280580506e+22
2.5102437643406706e+22
2.5075136110601156e+22
2.504785819767191e+22
2.502060389490156e+22
2.49933731925718e+22
2.496616608096342e+22
2.4938982550356315e+22
2.4911822591029477e+22
2.488468619326099e+22
2.4857573347328052e+22
2.4830484043506953e+22
2.4803418272073083e+22
2.4776376023300937e+22
2.4749357287464113e+22
2.472236205483531e+22
2.4695390315686335e+22
2.466844206028809e+22
2.4641517278910583e+22
2.461461596182293e+22
2.458773809929335e+22
2.456088368158917e+22
2.4534052698976816e+22
2.450724514172183e+22
2.448046100008885e+22
2.4453700264341627e+22
2.4426962924743023e+22
2.4400248971555e+22
2.4373558395038633e+22
2.4346891185454104e+22
2.432024733306071e+22
2.429362682811685e+22
2.4267029660880035e+22
2.424045582160689e+22
2.421390530055315e+22
2.418737808797366e+22
2.4160874174122383e+22
2.4134393549252383e+22
2.4107936203615846e+22
2.408150212746407e+22
2.405509131104746e+22
2.402870374461555e+22
2.400233941841698e+22
2.3975998322699493e+22
2.394968044770997e+22
2.392338578369439e+22
2.3897114320897866e+22
2.387086604956461e+22
2.3844640959937965e+22
2.3818439042260384e+22
2.3792260286773442e+22
2.3766104683717832e+22
2.3739972223333363e+22
2.3713862895858967e+22
2.36877766915327e+22
2.3661713600591727e+22
2.363567361327235e+22
2.3609656719809974e+22
2.358366291043914e+22
2.3557692175393508e+22
2.353174450490586e+22
2.35058198892081e+22
2.3479918318531253e+22
2.3454039783105477e+22
2.3428184273160046e+22
2.3402351778923364e+22
2.337654229062296e+22
2.3350755798485486e+22
2.3324992292736723e+22
2.3299251763601576e+22
2.327353420130408e+22
2.32478395960674e+22
2.322216793811382e+22
2.3196519217664763e+22
2.3170893424940777e+22
2.3145290550161535e+22
2.311971058354585e+22
2.3094153515311657e+22
2.3068619335676023e+22
2.3043108034855146e+22
2.301761960306436e+22
2.299215403051813e+22
2.296671130743005e+22
2.2941291424012845e+22
2.2915894370478387e+22
2.2890520137037666e+22
2.2865168713900813e+22
2.2839840091277097e+22
2.2814534259374916e+22
2.278925120840181e+22
2.276399092856445e+22
2.273875341006865e+22
2.2713538643119344e+22
2.268834661792063e+22
2.2663177324675725e+22
2.263803075358699e+22
2.261290689485592e+22
2.258780573868316e+22
2.256272727526848e+22
2.253767149481081e+22
2.25126383875082e+22
2.248762794355785e+22
2.246264015315611e+22
2.243767500649846e+22
2.241273249377952e+22
2.2387812605193066e+22
2.236291533093201e+22
2.2338040661188404e+22
2.231318858615345e+22
2.228835909601749e+22
2.2263552180970016e+22
2.223876783119966e+22
2.221400603689421e+22
2.2189266788240587e+22
2.216455007542487e+22
2.2139855888632273e+22
2.2115184218047175e+22
2.2090535053853085e+22
2.2065908386232674e+22
2.204130420536776e+22
2.2016722501439297e+22
2.199216326462741e+22
2.1967626485111355e+22
2.1943112153069554e+22
2.1918620258679573e+22
2.1894150792118127e+22
2.186970374356109e+22
2.184527910318348e+22
2.1820876861159483e+22
2.179649700766242e+22
2.1772139532864778e+22
2.1747804426938194e+22
2.172349168005346e+22
2.1699201282380527e+22
2.1674933224088495e+22
2.1650687495345625e+22
2.1626464086319335e+22
2.1602262987176193e+22
2.1578084188081936e+22
2.155392767920145e+22
2.152979345069878e+22
2.1505681492737134e+22
2.1481591795478874e+22
2.1457524349085527e+22
2.1433479143717777e+22
2.140945616953547e+22
2.1385455416697613e+22
2.136147687536237e+22
2.1337520535687066e+22
2.1313586387828202e+22
2.1289674421941427e+22
2.126578462818156e+22
2.124191699670258e+22
2.1218071517657634e+22
2.119424818119903e+22
2.117044697747824e+22
2.1146667896645913e+22
2.1122910928851847e+22
2.1099176064245014e+22
2.1075463292973553e+22
2.105177260518477e+22
2.102810399102514e+22
2.10044574406403e+22
2.098083294417506e+22
2.0957230491773404e+22
2.0933650073578474e+22
2.091009167973259e+22
2.088655530037724e+22
2.0863040925653078e+22
2.083954854569994e+22
2.0816078150656825e+22
2.0792629730661903e+22
2.0769203275852524e+22
2.07457987763652e+22
2.072241622233563e+22
2.069905560389867e+22
2.0675716911188366e+22
2.065240013433793e+22
2.062910526347975e+22
2.0605832288745392e+22
2.0582581200265595e+22
2.0559351988170275e+22
2.0536144642588524e+22
2.0512959153648616e+22
2.0489795511477997e+22
2.0466653706203292e+22
2.044353372795031e+22
2.042043556684403e+22
2.039735921300862e+22
2.0374304656567417e+22
2.035127188764295e+22
2.032826089635692e+22
2.030527167283021e+22
2.028230420718289e+22
2.025935848953421e+22
2.0236434510002596e+22
2.0213532258705665e+22
2.0190651725760214e+22
2.0167792901282226e+22
2.0144955775386862e+22
2.0122140338188477e+22
2.0099346579800604e+22
2.0076574490335965e+22
2.0053824059906466e+22
2.0031095278623198e+22
2.0008388136596444e+22
1.9985702623935667e+22
1.9963038730749523e+22
1.994039644714586e+22
1.9917775763231702e+22
1.9895176669113275e+22
1.9872599154895987e+22
1.9850043210684437e+22
1.9827508826582414e+22
1.98049959926929e+22
1.9782504699118072e+22
1.976003493595929e+22
1.9737586693317107e+22
1.9715159961291276e+22
1.9692754729980735e+22
1.967037098948362e+22
1.9648008729897262e+22
1.962566794131818e+22
1.9603348613842095e+22
1.9581050737563915e+22
1.955877430257775e+22
1.9536519298976903e+22
1.9514285716853876e+22
1.9492073546300363e+22
1.9469882777407263e+22
1.944771340026467e+22
1.9425565404961868e+22
1.940343878158735e+22
1.93813335202288e+22
1.9359249610973112e+22
1.933718704390637e+22
1.931514580911386e+22
1.9293125896680073e+22
1.92711272966887e+22
1.924914999922263e+22
1.9227193994363955e+22
1.920525927219397e+22
1.918334582279318e+22
1.916145363624128e+22
1.913958270261718e+22
1.9117733011998995e+22
1.909590455446403e+22
1.9074097320088813e+22
1.9052311298949067e+22
1.903054648111972e+22
1.9008802856674913e+22
1.8987080415687993e+22
1.896537914823151e+22
1.8943699044377223e+22
1.89220400941961e+22
1.8900402287758316e+22
1.887878561513326e+22
1.8857190066389527e+22
1.883561563159492e+22
1.8814062300816453e+22
1.8792530064120354e+22
1.8771018911572059e+22
1.8749528833236218e+22
1.8728059819176688e+22
1.8706611859456545e+22
1.8685184944138076e+22
1.8663779063282778e+22
1.8642394206951365e+22
1.8621030365203765e+22
1.8599687528099118e+22
1.8578365685695783e+22
1.8557064828051333e+22
1.8535784945222553e+22
1.851452602726545e+22
1.8493288064235248e+22
1.847207104618638e+22
1.8450874963172507e+22
1.8429699805246504e+22
1.840854556246046e+22
1.838741222486569e+22
1.8366299782512726e+22
1.8345208225451316e+22
1.8324137543730433e+22
1.8303087727398271e+22
1.828205876650224e+22
1.8261050651088976e+22
1.8240063371204337e+22
1.82190969168934e+22
1.8198151278200468e+22
1.8177226445169067e+22
1.8156322407841945e+22
1.8135439156261075e+22
1.8114576680467655e+22
1.8093734970502106e+22
1.8072914016404079e+22
1.8052113808212445e+22
1.8031334335965305e+22
1.8010575589699987e+22
1.7989837559453043e+22
1.7969120235260255e+22
1.7948423607156633e+22
1.7927747665176415e+22
1.7907092399353068e+22
1.7886457799719288e+22
1.7865843856306998e+22
1.7845250559147359e+22
1.7824677898270754e+22
1.78041258637068e+22
1.7783594445484348e+22
1.7763083633631479e+22
1.7742593418175504e+22
1.7722123789142971e+22
1.7701674736559659e+22
1.7681246250450578e+22
1.7660838320839976e+22
1.7640450937751335e+22
1.762008409120737e+22
1.7599737771230033e+22
1.757941196784051e+22
1.7559106671059224e+22
1.7538821870905836e+22
1.7518557557399241e+22
1.7498313720557575e+22
1.7478090350398208e+22
1.7457887436937751e+22
1.7437704970192055e+22
1.7417542940176205e+22
1.739740133690453e+22
1.73772801503906e+22
1.735717937064722e+22
1.7337098987686442e+22
1.7317038991519554e+22
1.7296999372157092e+22
1.7276980119608825e+22
1.7256981223883774e+22
1.7237002674990198e+22
1.72170444629356e+22
1.7197106577726727e+22
1.717718900936957e+22
1.7157291747869368e+22
1.71374147832306e+22
1.7117558105456993e+22
1.7097721704551522e+22
1.7077905570516403e+22
1.7058109693353106e+22
1.7038334063062343e+22
1.7018578669644074e+22
1.6998843503097512e+22
1.6979128553421113e+22
1.6959433810612582e+22
1.693975926466888e+22
1.692010490558621e+22
1.690047072336003e+22
1.6880856707985048e+22
1.686126284945522e+22
1.6841689137763758e+22
1.6822135562903124e+22
1.6802602114865032e+22
1.6783088783640448e+22
1.6763595559219596e+22
1.6744122431591946e+22
1.672466939074623e+22
1.670523642667043e+22
1.6685823529351782e+22
1.666643068877678e+22
1.6647057894931176e+22
1.6627705137799973e+22
1.6608372407367432e+22
1.6589059693617074e+22
1.6569766986531675e+22
1.6550494276093271e+22
1.6531241552283154e+22
1.6512008805081875e+22
1.6492796024469246e+22
1.6473603200424337e+22
1.6454430322925481e+22
1.6435277381950268e+22
1.641614436747555e+22
1.639703126947744e+22
1.6377938077931316e+22
1.6358864782811812e+22
1.633981137409283e+22
1.6320777841747534e+22
1.630176417574835e+22
1.6282770366066971e+22
1.626379640267435e+22
1.6244842275540704e+22
1.6225907974635524e+22
1.6206993489927556e+22
1.618809881138482e+22
1.6169223928974596e+22
1.6150368832663436e+22
1.6131533512417158e+22
1.6112717958200846e+22
1.6093922159978852e+22
1.60751461077148e+22
1.605638979137158e+22
1.6037653200911351e+22
1.6018936326295545e+22
1.6000239157484863e+22
1.5981561684439274e+22
1.596290389711802e+22
1.5944265785479617e+22
1.5925647339481849e+22
1.5907048549081774e+22
1.5888469404235726e+22
1.5869909894899306e+22
1.5851370011027392e+22
1.5832849742574138e+22
1.5814349079492969e+22
1.5795868011736586e+22
1.5777406529256968e+22
1.5758964622005365e+22
1.5740542279932306e+22
1.5722139492987599e+22
1.5703756251120324e+22
1.5685392544278843e+22
1.5667048362410794e+22
1.5648723695463091e+22
1.5630418533381931e+22
1.5612132866112786e+22
1.5593866683600412e+22
1.5575619975788842e+22
1.555739273262139e+22
1.553918494404065e+22
1.55209965999885e+22
1.55028276904061e+22
1.5484678205233884e+22
1.546654813441158e+22
1.5448437467878192e+22
1.5430346195572009e+22
1.5412274307430605e+22
1.5394221793390834e+22
1.5376188643388842e+22
1.5358174847360054e+22
1.5340180395239181e+22
1.5322205276960224e+22
1.5304249482456466e+22
1.528631300166048e+22
1.5268395824504124e+22
1.5250497940918544e+22
1.5232619340834175e+22
1.5214760014180738e+22
1.5196919950887247e+22
1.5179099140882002e+22
1.5161297574092595e+22
1.5143515240445904e+22
1.5125752129868102e+22
1.510800823228465e+22
1.5090283537620307e+22
1.5072578035799114e+22
1.505489171674441e+22
1.5037224570378825e+22
1.5019576586624282e+22
1.5001947755402001e+22
1.498433806663249e+22
1.4966747510235556e+22
1.49491760761303e+22
1.4931623754235115e+22
1.4914090534467696e+22
1.4896576406745027e+22
1.4879081360983394e+22
1.4861605387098374e+22
1.4844148475004847e+22
1.482671061461699e+22
1.4809291795848273e+22
1.479189200861147e+22
1.477451124281865e+22
1.4757149488381189e+22
1.4739806735209752e+22
1.4722482973214312e+22
1.470517819230414e+22
1.4687892382387809e+22
1.467062553337319e+22
1.4653377635167462e+22
1.4636148677677102e+22
1.461893865080789e+22
1.4601747544464914e+22
1.4584575348552556e+22
1.4567422052974511e+22
1.4550287647633773e+22
1.4533172122432645e+22
1.4516075467272733e+22
1.449899767205495e+22
1.448193872667951e+22
1.446489862104594e+22
1.4447877345053073e+22
1.4430874888599046e+22
1.4413891241581306e+22
1.4396926393896608e+22
1.4375740000414745e+22
1.4354577238477184e+22
1.4333438055093383e+22
1.4312322437420123e+22
1.429123037261313e+22
1.4270161847827451e+22
1.4249116850217462e+22
1.4228095366936863e+22
1.4207097385138686e+22
1.4186122891975285e+22
1.4165171874598341e+22
1.4144244320158867e+22
1.4123340215807201e+22
1.4102459548693009e+22
1.4081602305965288e+22
1.4060768474772365e+22
1.4039958042261894e+22
1.4019170995580862e+22
1.3998407321875586e+22
1.3977667008291712e+22
1.395695004197422e+22
1.393625641006742e+22
1.3915586099714955e+22
1.38949390980598e+22
1.3874315392244263e+22
1.3853714969409987e+22
1.3833137816697947e+22
1.3812583921248452e+22
1.3792053270201147e+22
1.3771545850695012e+22
1.375106164986836e+22
1.3730600654858841e+22
1.3710162852803443e+22
1.3689748230838489e+22
1.3669356776099636e+22
1.3648988475721886e+22
1.3628643316839572e+22
1.3608321286586365e+22
1.358802237209528e+22
1.3567746560498667e+22
1.3547493838928214e+22
1.3527264194514953e+22
1.3507057614389252e+22
1.3486874085680824e+22
1.3466713595518718e+22
1.3446576131031326e+22
1.3426461679346386e+22
1.3406370227590972e+22
1.3386301762891502e+22
1.3366256272373738e+22
1.3346233743162787e+22
1.3326234162383097e+22
1.330625751715846e+22
1.3286303794612014e+22
1.3266372981866241e+22
1.324646506604297e+22
1.322658003426337e+22
1.3206717873647964e+22
1.3186878571316618e+22
1.316706211438854e+22
1.3147268489982295e+22
1.3127497685215788e+22
1.3107749687206275e+22
1.3088024483070359e+22
1.3068322059923994e+22
1.304864240488248e+22
1.302898550506047e+22
1.3009351347571966e+22
1.298973991953032e+22
1.2970151208048233e+22
1.295058520023776e+22
1.2931041883210308e+22
1.2911521244076633e+22
1.2892023269946846e+22
1.287254794793041e+22
1.285309526513614e+22
1.2833665208672204e+22
1.281425776564613e+22
1.2794872923164793e+22
1.2775510668334426e+22
1.2756170988260617e+22
1.2736853870048308e+22
1.27175593008018e+22
1.269828726762475e+22
1.2679037757620167e+22
1.2659810757890424e+22
1.2640606255537245e+22
1.2621424237661718e+22
1.2602264691364283e+22
1.2583127603744745e+22
1.2564012961902264e+22
1.254492075293536e+22
1.2525850963941914e+22
1.2506803582019167e+22
1.2487778594263721e+22
1.2468775987771538e+22
1.2449795749637943e+22
1.243083786695762e+22
1.241190232682462e+22
1.2392989116332352e+22
1.237409822257359e+22
1.2355229632640473e+22
1.23363833336245e+22
1.2317559312616536e+22
1.2298757556706814e+22
1.2279978052984928e+22
1.2261220788539838e+22
1.224248575045987e+22
1.2223772925832718e+22
1.2205082301745441e+22
1.2186413865284464e+22
1.2167767603535583e+22
1.2149143503583958e+22
1.2130541552514118e+22
1.211196173740996e+22
1.2093404045354755e+22
1.2074868463431135e+22
1.205635497872111e+22
1.2037863578306056e+22
1.2019394249266718e+22
1.2000946978683215e+22
1.1982521753635035e+22
1.196411856120104e+22
1.1945737388459465e+22
1.1927378222487913e+22
1.1909041050363363e+22
1.1890725859162168e+22
1.187243263596005e+22
1.1854161367832113e+22
1.183591204185283e+22
1.181768464509605e+22
1.1799479164634994e+22
1.1781295587542266e+22
1.176313390088984e+22
1.174499409174907e+22
1.1726876147190684e+22
1.1708780054284788e+22
1.1690705800100869e+22
1.1672653371707786e+22
1.1654622756173781e+22
1.1636613940566473e+22
1.161862691195286e+22
1.1600661657399322e+22
1.1582718163971616e+22
1.1564796418734881e+22
1.1546896408753637e+22
1.1529018121091784e+22
1.1511161542812604e+22
1.1493326660978761e+22
1.1475513462652303e+22
1.1457721934894657e+22
1.1439952064766636e+22
1.1422203839328436e+22
1.1404477245639637e+22
1.1386772270759203e+22
1.1369088901745484e+22
1.1351427125656213e+22
1.1333786929548507e+22
1.1316168300478876e+22
1.1298571225503208e+22
1.1280995691676782e+22
1.1263441686054264e+22
1.1245909195689707e+22
1.1228398207636553e+22
1.1210908708947628e+22
1.119344068667515e+22
1.117599412787073e+22
1.1158569019585358e+22
1.1141165348869424e+22
1.11237831027727e+22
1.1106422268344358e+22
1.1089082832632951e+22
1.107176478268643e+22
1.1054468105552135e+22
1.10371927882768e+22
1.1019938817906552e+22
1.1002706181486908e+22
1.0985494866062777e+22
1.096830485867847e+22
1.0951136146377683e+22
1.093398871620351e+22
1.0916862555198442e+22
1.0899757650404365e+22
1.0882673988862556e+22
1.0865611557613693e+22
1.0848570343697848e+22
1.083155033415449e+22
1.0814551516022487e+22
1.0797573876340104e+22
1.0780617402145002e+22
1.0763682080474245e+22
1.074676789836429e+22
1.0729874842850997e+22
1.0713002900969627e+22
1.0696152059754836e+22
1.0679322306240684e+22
1.066251362746063e+22
1.0645726010447537e+22
1.0628959442233668e+22
1.0612213909850688e+22
1.0595489400329662e+22
1.057878590070106e+22
1.0562103397994757e+22
1.0545441879240028e+22
1.0528801331465555e+22
1.0512181741699421e+22
1.0495583096969116e+22
1.0479005384301536e+22
1.0462448590722978e+22
1.0445912703259151e+22
1.0429397708935168e+22
1.0412903594775546e+22
1.0396430347804212e+22
1.03799779550445e+22
1.0363546403519148e+22
1.034713568025031e+22
1.033074577225954e+22
1.0314376666567808e+22
1.0298028350195492e+22
1.0281700810162375e+22
1.0265394033487656e+22
1.024910800718994e+22
1.0232842718287248e+22
1.0216598153797007e+22
1.020037430073606e+22
1.018417114612066e+22
1.0167988676966471e+22
1.0151826880288575e+22
1.0135685743101463e+22
1.0119565252419041e+22
1.010346539525463e+22
1.0087386158620962e+22
1.0071327529530187e+22
1.0055289494993872e+22
1.0039272042022996e+22
1.0023275157627955e+22
1.0007298828818564e+22
9.99134304260405e+21
9.97540778599306e+21
9.959493045993662e+21
9.943598809613334e+21
9.92772506385898e+21
9.91187179573692e+21
9.89603899225289e+21
9.88022664041205e+21
9.86443472721898e+21
9.848663239677677e+21
9.832912164791561e+21
9.817181489563473e+21
9.801471200995674e+21
9.78578128608985e+21
9.770111731847106e+21
9.754462525267972e+21
9.7388336533524e+21
9.723225103099765e+21
9.707636861508866e+21
9.692068915577929e+21
9.6765212523046e+21
9.660993858685955e+21
9.645486721718492e+21
9.629999828398133e+21
9.61453316572023e+21
9.599086720679565e+21
9.583660480270338e+21
9.568254431486181e+21
9.552868561320155e+21
9.537502856764748e+21
9.522157304811876e+21
9.506831892452884e+21
9.491526606678546e+21
9.476241434479067e+21
9.46097636284408e+21
9.445731378762653e+21
9.430506469223277e+21
9.415301621213883e+21
9.400116821721827e+21
9.384952057733902e+21
9.36980731623633e+21
9.354682584214768e+21
9.339577848654304e+21
9.324493096539461e+21
9.309428314854197e+21
9.294383490581902e+21
9.279358610705402e+21
9.264353662206959e+21
9.249368632068269e+21
9.234403507270465e+21
9.219458274794115e+21
9.204532921619227e+21
9.189627434725241e+21
9.17474180109104e+21
9.15987600769494e+21
9.145030041514698e+21
9.13020388952751e+21
9.115397538710009e+21
9.10061097603827e+21
9.085844188487806e+21
9.07109716303357e+21
9.056369886649957e+21
9.041662346310804e+21
9.026974528989384e+21
9.012306421658417e+21
8.997658011290065e+21
8.983029284855931e+21
8.96842022932706e+21
8.953830831673942e+21
8.939261078866511e+21
8.924710957874143e+21
8.910180455665661e+21
8.895669559209331e+21
8.881178255472866e+21
8.866706531423422e+21
8.852254374027604e+21
8.837821770251463e+21
8.823408707060494e+21
8.809015171419643e+21
8.7946411502933e+21
8.780286630645307e+21
8.765951599438951e+21
8.751636043636968e+21
8.737339950201546e+21
8.72306330609432e+21
8.708806098276377e+21
8.694568313708251e+21
8.68034993934993e+21
8.666150962160851e+21
8.651971369099904e+21
8.63781114712543e+21
8.623670283195223e+21
8.609548764266529e+21
8.595446577296046e+21
8.581363709239928e+21
8.56730014705378e+21
8.553255877692665e+21
8.539230888111095e+21
8.525225165263044e+21
8.511238696101935e+21
8.49727146758065e+21
8.483323466651527e+21
8.46939468026636e+21
8.455485095376399e+21
8.441594698932353e+21
8.42772347788439e+21
8.413871419182131e+21
8.40003850977466e+21
8.386224736610518e+21
8.372430086637707e+21
8.358654546803686e+21
8.344898104055377e+21
8.331160745339158e+21
8.317442457600873e+21
8.303743227785824e+21
8.290063042838775e+21
8.276401889703954e+21
8.262759755325048e+21
8.249136626645209e+21
8.235532490607052e+21
8.221947334152655e+21
8.208381144223559e+21
8.194833907760771e+21
8.181305611704763e+21
8.16779624299547e+21
8.154305788572293e+21
8.1408342353741e+21
8.127381570339225e+21
8.113947780405468e+21
8.100532852510096e+21
8.087136773589843e+21
8.073759530580913e+21
8.060401110418975e+21
8.047061500039168e+21
8.033740686376101e+21
8.020438656363851e+21
8.007155396935965e+21
7.99389089502546e+21
7.980645137564826e+21
7.967418111486017e+21
7.954209803720467e+21
7.941020201199075e+21
7.927849290852216e+21
7.914697059609735e+21
7.901563494400951e+21
7.888448582154655e+21
7.875352309799114e+21
7.862274664262067e+21
7.849215632470727e+21
7.836175201351784e+21
7.8231533578314e+21
7.810150088835216e+21
7.797165381288346e+21
7.784199222115382e+21
7.771251598240391e+21
7.75832249658692e+21
7.745411904077991e+21
7.732519807636103e+21
7.719646194183236e+21
7.706791050640847e+21
7.693954363929872e+21
7.681136120970728e+21
7.668336308683309e+21
7.65555491398699e+21
7.64279192380063e+21
7.630047325042563e+21
7.617321104630609e+21
7.604613249482067e+21
7.591923746513721e+21
7.579252582641834e+21
7.566599744782155e+21
7.553965219849912e+21
7.541348994759822e+21
7.528751056426083e+21
7.516171391762376e+21
7.503609987681872e+21
7.49106683109722e+21
7.478541908920561e+21
7.466035208063518e+21
7.453546715437202e+21
7.441076417952211e+21
7.428624302518628e+21
7.416190356046025e+21
7.403774565443464e+21
7.391376917619492e+21
7.378997399482145e+21
7.366635997938949e+21
7.354292699896919e+21
7.341967492262562e+21
7.32966036194187e+21
7.317371295840332e+21
7.305100280862922e+21
7.29284730391411e+21
7.280612351897855e+21
7.268395411717609e+21
7.256196470276317e+21
7.244015514476416e+21
7.231852531219836e+21
7.219707507408003e+21
7.207580429941833e+21
7.195471285721741e+21
7.183380061647634e+21
7.171306744618914e+21
7.15925132153448e+21
7.147213779292726e+21
7.135194104791543e+21
7.123192284928319e+21
7.11120830659994e+21
7.099242156702785e+21
7.087293822132735e+21
7.07536328978517e+21
7.063450546554966e+21
7.051555579336499e+21
7.039678375023646e+21
7.02781892050978e+21
7.015977202687778e+21
7.004153208450016e+21
6.992346924688371e+21
6.980558338294222e+21
6.96878743615845e+21
6.957034205171435e+21
6.945298632223064e+21
6.933580704202725e+21
6.921880407999308e+21
6.910197730501209e+21
6.898532658596326e+21
6.886885179172063e+21
6.875255279115329e+21
6.863642945312536e+21
6.852048164649604e+21
6.840470924011958e+21
6.828911210284528e+21
6.817369010351754e+21
6.805844311097581e+21
6.794337099405462e+21
6.782847362158357e+21
6.771375086238735e+21
6.759920258528575e+21
6.748482865909363e+21
6.737062895262096e+21
6.725660333467279e+21
6.71427516740493e+21
6.702907383954574e+21
6.69155696999525e+21
6.680223912405508e+21
6.668908198063408e+21
6.657609813846524e+21
6.646328746631941e+21
6.635064983296259e+21
6.623818510715588e+21
6.612589315765555e+21
6.6013773853213e+21
6.590182706257477e+21
6.579005265448255e+21
6.567845049767318e+21
6.556702046087866e+21
6.545576241282615e+21
6.534467622223797e+21
6.523376175783161e+21
6.512301888831973e+21
6.501244748241018e+21
6.490204740880596e+21
6.479181853620527e+21
6.468176073330151e+21
6.457187386878324e+21
6.446215781133423e+21
6.435261242963345e+21
6.424323759235509e+21
6.41340331681685e+21
6.402499902573828e+21
6.391613503372424e+21
6.380744106078138e+21
6.369891697555995e+21
6.359056264670541e+21
6.348237794285847e+21
6.337436273265503e+21
6.326651688472627e+21
6.315884026769859e+21
6.305133275019364e+21
6.294399420082831e+21
6.283682448821475e+21
6.272982348096036e+21
6.262299104766782e+21
6.251632705693503e+21
6.240983137735522e+21
6.230350387751683e+21
6.219734442600361e+21
6.209135289139458e+21
6.198552914226404e+21
6.187987304718159e+21
6.17743844747121e+21
6.166906329341574e+21
6.156390937184799e+21
6.145892257855962e+21
6.135410278209671e+21
6.124944985100065e+21
6.114496365380815e+21
6.104064405905122e+21
6.093649093525721e+21
6.083250415094878e+21
6.072868357464392e+21
6.062502907485596e+21
6.052154052009357e+21
6.041821777886075e+21
6.031506071965685e+21
6.021206921097657e+21
6.010924312130995e+21
6.000658231914239e+21
5.990408667295466e+21
5.980175605122289e+21
5.969959032241856e+21
5.959758935500855e+21
5.949575301745508e+21
5.939408117821579e+21
5.929257370574365e+21
5.919123046848708e+21
5.909005133488983e+21
5.898903617339108e+21
5.888818485242539e+21
5.878749724042273e+21
5.868697320580849e+21
5.858661261700343e+21
5.848641534242377e+21
5.83863812504811e+21
5.828651020958248e+21
5.818680208813034e+21
5.808725675452258e+21
5.798787407715253e+21
5.788865392440892e+21
5.778959616467597e+21
5.76907006663333e+21
5.7591967297756e+21
5.749339592731462e+21
5.739498642337514e+21
5.729673865429902e+21
5.719865248844316e+21
5.710072779415995e+21
5.700296443979724e+21
5.690536229369835e+21
5.680792122420209e+21
5.671064109964274e+21
5.661352178835008e+21
5.651656315864935e+21
5.641976507886131e+21
5.632312741730224e+21
5.622665004228386e+21
5.613033282211344e+21
5.603417562509373e+21
5.593817831952302e+21
5.58423407736951e+21
5.57466628558993e+21
5.565114443442043e+21
5.555578537753888e+21
5.546058555353054e+21
5.536554483066683e+21
5.527066307721474e+21
5.517594016143678e+21
5.508137595159102e+21
5.498697031593105e+21
5.489272312270604e+21
5.479863424016074e+21
5.470470353653543e+21
5.461093088006595e+21
5.451731613898372e+21
5.442385918151575e+21
5.433055987588462e+21
5.423741809030847e+21
5.414443369300105e+21
5.405160655217169e+21
5.39589365360253e+21
5.386642351276242e+21
5.377406735057914e+21
5.368186791766721e+21
5.358982508221395e+21
5.349793871240231e+21
5.340620867641083e+21
5.331463484241372e+21
5.322321707858075e+21
5.313195525307737e+21
5.304084923406461e+21
5.29498988896992e+21
5.285910408813345e+21
5.276846469751534e+21
5.26779805859885e+21
5.258765162169219e+21
5.249747767276133e+21
5.240745860732651e+21
5.231759429351397e+21
5.222788459944563e+21
5.213832939323905e+21
5.204892854300749e+21
5.195968191685987e+21
5.187058938290081e+21
5.17816508092306e+21
5.16928660639452e+21
5.160423501513631e+21
5.151575753089128e+21
5.142743347929319e+21
5.13392627284208e+21
5.125124514634859e+21
5.116338060114675e+21
5.107566896088118e+21
5.098811009361351e+21
5.090070386740108e+21
5.081345015029696e+21
5.072634881034994e+21
5.063939971560457e+21
5.055260273410112e+21
5.046595773387559e+21
5.037946458295976e+21
5.029312314938111e+21
5.020693330116293e+21
5.012089490632422e+21
5.003500783287976e+21
4.99492719488401e+21
4.986368712221154e+21
4.977825322099617e+21
4.969297011319184e+21
4.96078376667922e+21
4.952285574978666e+21
4.943802423016044e+21
4.935334297589452e+21
4.926881185496571e+21
4.91844307353466e+21
4.910019948500559e+21
4.901611797190686e+21
4.893218606401044e+21
4.884840362927215e+21
4.876477053564363e+21
4.868128665107234e+21
4.859795184350158e+21
4.851476598087046e+21
4.843172893111394e+21
4.83488405621628e+21
4.826610074194366e+21
4.818350933837901e+21
4.810106621938717e+21
4.801877125288229e+21
4.793662430677443e+21
4.785462524896945e+21
4.777277394736911e+21
4.769107026987103e+21
4.76095140843687e+21
4.752810525875148e+21
4.744684366090461e+21
4.736572915870922e+21
4.728476162004232e+21
4.7203940912776814e+21
4.7123266904781483e+21
4.7042739463921027e+21
4.696235845805604e+21
4.6882123755043013e+21
4.680203522273436e+21
4.67220927289784e+21
4.664229614161937e+21
4.6562645328497423e+21
4.648314015744864e+21
4.640378049630503e+21
4.6324566212894534e+21
4.6245497175041025e+21
4.616657325056432e+21
4.608779430728018e+21
4.600916021300031e+21
4.593067083553236e+21
4.5852326042679944e+21
4.577412570224263e+21
4.5696069682015953e+21
4.561815784979141e+21
4.554039007335646e+21
4.546276622049455e+21
4.5385286158985095e+21
4.5307949756603496e+21
4.5230756881121133e+21
4.515370740030538e+21
4.5076801181919604e+21
4.500003809372316e+21
4.4923418003471414e+21
4.484694077891573e+21
4.477060628780348e+21
4.469441439787805e+21
4.4618364976878835e+21
4.454245789254126e+21
4.446669301259676e+21
4.4391070204772813e+21
4.4315589336792915e+21
4.4240250276376593e+21
4.416505289123942e+21
4.4089997049093014e+21
4.401508261764503e+21
4.3940309464599175e+21
4.386567745765521e+21
4.3791186464508965e+21
4.3716836352852304e+21
4.3642626990373177e+21
4.35685582447556e+21
4.3494629983679655e+21
4.3420842074821503e+21
4.3347194385853385e+21
4.327368678444362e+21
4.320031913825663e+21
4.3127091314952907e+21
4.3054003182189056e+21
4.298105460761777e+21
4.290824545888785e+21
4.28355756036442e+21
4.2763044909527833e+21
4.269065324417589e+21
4.2618400475221606e+21
4.254628647029436e+21
4.2474311097019636e+21
4.2402474223019067e+21
4.23307757159104e+21
4.225921544330754e+21
4.218779327282051e+21
4.211650907205549e+21
4.204536270861481e+21
4.1974354050096945e+21
4.1852494769986265e+21
4.173087188311995e+21
4.160948337229975e+21
4.1488329019655486e+21
4.13674086072046e+21
4.124672191693227e+21
4.112626873079143e+21
4.100604883070282e+21
4.0886061998555015e+21
4.0766308016204457e+21
4.06467866654755e+21
4.0527497728160437e+21
4.0408440986019546e+21
4.0289616220781114e+21
4.0171023214141495e+21
4.005266174776512e+21
3.993453160328455e+21
3.9816632562300507e+21
3.969896440638191e+21
3.9581526917065914e+21
3.9464319875857944e+21
3.934734306423173e+21
3.9230596263629344e+21
3.911407925546124e+21
3.899779182110628e+21
3.888173374191179e+21
3.8765904799193566e+21
3.865030477423594e+21
3.8534933448291794e+21
3.8419790602582617e+21
3.8304876018298514e+21
3.8190189476598267e+21
3.807573075860936e+21
3.796149964542802e+21
3.784749591811924e+21
3.773371935771683e+21
3.7620169745223443e+21
3.7506846861610613e+21
3.7393750487818804e+21
3.7280880404757427e+21
3.716823639330488e+21
3.7055818234308597e+21
3.6943625708585065e+21
3.6831658596919877e+21
3.671991668006775e+21
3.660839973875259e+21
3.649710755366748e+21
3.638603990547476e+21
3.6275196574806054e+21
3.6164577342262293e+21
3.605418198841375e+21
3.5944010293800086e+21
3.583406203893038e+21
3.572433700428318e+21
3.5614834970306507e+21
3.550555571741792e+21
3.539649902600453e+21
3.5287664676423063e+21
3.5179052448999864e+21
3.5070662124030955e+21
3.4962493481782057e+21
3.485454630248864e+21
3.474682036635594e+21
3.463931545355901e+21
3.453203134424275e+21
3.4424967818521954e+21
3.431812465648131e+21
3.421150163817547e+21
3.410509854362909e+21
3.399891515283683e+21
3.389295124576342e+21
3.3787206602343685e+21
3.368168100248258e+21
3.3576374226055216e+21
3.347128605290693e+21
3.336641626285327e+21
3.3261764635680073e+21
3.3157330951143476e+21
3.3053114988969963e+21
3.2949116528856395e+21
3.284533535047004e+21
3.274177123344863e+21
3.263842395740037e+21
3.253529330190398e+21
3.243237904650875e+21
3.232968097073455e+21
3.222719885407187e+21
3.2124932475981875e+21
3.202288161589641e+21
3.192104605321806e+21
3.181942556732018e+21
3.171801993754691e+21
3.1616828943213244e+21
3.1515852363605035e+21
3.141508997797905e+21
3.131454156556299e+21
3.1214206905555537e+21
3.1114085777126384e+21
3.1014177959416273e+21
3.091448323153702e+21
3.081500137257157e+21
3.0715732161574003e+21
3.0616675377569606e+21
3.0517830799554867e+21
3.041919820649755e+21
3.032077737733669e+21
3.0222568090982673e+21
3.0124570126317225e+21
3.002678326219348e+21
2.992920727743599e+21
2.9831841950840793e+21
2.9734687061175414e+21
2.963774238717892e+21
2.9541007707561945e+21
2.944448280100673e+21
2.934816744616716e+21
2.9252061421668784e+21
2.9156164506108874e+21
2.906047647805644e+21
2.896499711605228e+21
2.886972619860899e+21
2.8774663504211026e+21
2.867980881131473e+21
2.8585161898348354e+21
2.8490722543712107e+21
2.839649052577819e+21
2.830246562289082e+21
2.820864761336628e+21
2.811503627549294e+21
2.802163138753129e+21
2.7928432727713985e+21
2.7835440074245884e+21
2.7742653205304065e+21
2.7650071899037877e+21
2.7557695933568967e+21
2.746552508699132e+21
2.7373559137371276e+21
2.72817978627476e+21
2.719024104113148e+21
2.709888845050657e+21
2.7007739868829047e+21
2.6916795074027617e+21
2.682605384400357e+21
2.6735515956630803e+21
2.6645181189755854e+21
2.655504932119794e+21
2.6465120128749e+21
2.637539339017371e+21
2.628586888320954e+21
2.6196546385566756e+21
2.61074256749285e+21
2.6018506528950777e+21
2.5929788725262533e+21
2.584127204146565e+21
2.575295625513501e+21
2.566484114381851e+21
2.55769264850371e+21
2.5489212056284834e+21
2.5401697635028886e+21
2.5314382998709585e+21
2.522726792474046e+21
2.514035219050826e+21
2.5053635573373007e+21
2.4967117850668014e+21
2.4880798799699923e+21
2.4794678197748745e+21
2.4708755822067885e+21
2.4623031449884185e+21
2.4537504858397957e+21
2.4452175824783005e+21
2.436704412618668e+21
2.428210953972989e+21
2.419737184250716e+21
2.411283081158665e+21
2.402848622401018e+21
2.394433785679329e+21
2.3860385486925254e+21
2.377662889136912e+21
2.3693067847061744e+21
2.3609702130913827e+21
2.3526531519809942e+21
2.3443555790608576e+21
2.336077472014216e+21
2.3278188085217098e+21
2.3195795662613814e+21
2.311359722908677e+21
2.3031592561364514e+21
2.29497814361497e+21
2.2868163630119138e+21
2.2786738919923814e+21
2.2705507082188934e+21
2.262446789351395e+21
2.2543621130472598e+21
2.246296656961293e+21
2.2382503987457352e+21
2.230223316050265e+21
2.2222153865220032e+21
2.2142265878055155e+21
2.2062568975428168e+21
2.1983062933733733e+21
2.1903747529341068e+21
2.182462253859398e+21
2.1745687737810897e+21
2.1666942903284898e+21
2.1588387811283755e+21
2.1510022238049959e+21
2.1431845959800757e+21
2.1353858752728188e+21
2.127606039299911e+21
2.1198450656755243e+21
2.1121029320113196e+21
2.1043796159164499e+21
2.096675094997564e+21
2.0889893468588107e+21
2.08132234910184e+21
2.0736740793258088e+21
2.0660445151273822e+21
2.058433634100739e+21
2.0508414138375733e+21
2.0432678319270986e+21
2.0357128659560508e+21
2.028176493508692e+21
2.0206586921668137e+21
2.0131594395097398e+21
2.0056787131143307e+21
1.9982164905549855e+21
1.9907727494036469e+21
1.9833474672298028e+21
1.975940621600491e+21
1.9685521900803022e+21
1.9611821502313826e+21
1.9538304796134385e+21
1.9464971557837385e+21
1.9391821562971174e+21
1.9318854587059798e+21
1.9246070405603027e+21
1.9173468794076392e+21
1.9101049527931222e+21
1.902881238259467e+21
1.8956757133469756e+21
1.8884883555935388e+21
1.8813191425346406e+21
1.8741680517033608e+21
1.867035060630379e+21
1.8599201468439774e+21
1.852823287870044e+21
1.8457444612320768e+21
1.8386836444511858e+21
1.831640815046098e+21
1.8246159505331588e+21
1.817609028426337e+21
1.8106200262372274e+21
1.8036489214750535e+21
1.796695691646672e+21
1.7897603142565754e+21
1.7828427668068956e+21
1.7759430267974068e+21
1.7690610717255297e+21
1.7621968790863335e+21
1.7553504263725405e+21
1.7485216910745285e+21
1.7417106506803346e+21
1.7349172826756583e+21
1.728141564543865e+21
1.7213834737659884e+21
1.7146429878207358e+21
1.7079200841844895e+21
1.7012147403313106e+21
1.694526933732943e+21
1.6878566418588157e+21
1.6812038421760466e+21
1.6745685121494462e+21
1.66795062924152e+21
1.6613501709124727e+21
1.6547671146202105e+21
1.6482014378203454e+21
1.6416531179661977e+21
1.6351221325088e+21
1.6286084588968996e+21
1.622112074576963e+21
1.615632956993178e+21
1.6091710835874574e+21
1.602726431799443e+21
1.5962989790665074e+21
1.589888702823759e+21
1.583495580504044e+21
1.57711958953795e+21
1.5707607073538093e+21
1.5644189113777025e+21
1.5580941790334616e+21
1.5517864877426732e+21
1.5454958149246816e+21
1.5392221379965925e+21
1.532965434373276e+21
1.5267256814673697e+21
1.5205028566892824e+21
1.5142969374471972e+21
1.5081079011470748e+21
1.5019357251926565e+21
1.4957803869854677e+21
1.4896418639248213e+21
1.4835201334078205e+21
1.4774151728293628e+21
1.4713269595821428e+21
1.465255471056655e+21
1.459200684641198e+21
1.4531625777218776e+21
1.447141127682609e+21
1.4411363119051217e+21
1.4351481077689614e+21
1.4291764926514937e+21
1.4232214439279078e+21
1.417282938971219e+21
1.4113609551522727e+21
1.405455469839747e+21
1.3995664604001568e+21
1.3936939041978555e+21
1.3878377785950402e+21
1.3819980609517535e+21
1.376174728625887e+21
1.3703677589731858e+21
1.3645771293472499e+21
1.358802817099538e+21
1.3530447995793724e+21
1.3473030541339394e+21
1.3415775581082946e+21
1.335868288845366e+21
1.330175223685956e+21
1.3244983399687463e+21
1.3188376150302995e+21
1.3131930262050636e+21
1.3075645508253746e+21
1.30195216622146e+21
1.2963558497214417e+21
1.2907755786513398e+21
1.2852113303350755e+21
1.2796630820944738e+21
1.274130811249268e+21
1.268614495117102e+21
1.2631141110135333e+21
1.257629636252037e+21
1.2521610481440087e+21
1.2467083239987678e+21
1.2412714411235604e+21
1.2358503768235628e+21
1.230445108401885e+21
1.225055613159573e+21
1.2196818683956135e+21
1.2143238514069359e+21
1.2089815394884154e+21
1.2036549099328774e+21
1.1983439400310997e+21
1.1930486070718159e+21
1.187768888341719e+21
1.1825047611254642e+21
1.1772562027056727e+21
1.1720231903629342e+21
1.1668057013758103e+21
1.161603713020838e+21
1.1564172025725328e+21
1.1512461473033916e+21
1.1460905244838965e+21
1.1409503113825174e+21
1.1358254852657157e+21
1.1307160233979471e+21
1.1256219030416652e+21
1.1205431014573243e+21
1.1154795959033831e+21
1.1104313636363073e+21
1.1053983819105732e+21
1.100380627978671e+21
1.0953780790911076e+21
1.0903907124964101e+21
1.0854185054411289e+21
1.0804614351698411e+21
1.0755194789251533e+21
1.070592613947705e+21
1.065680817476172e+21
1.0607840667472693e+21
1.0559023389957542e+21
1.0510356114544302e+21
1.0461838613541492e+21
1.0413470659238153e+21
1.0365252023903882e+21
1.0317182479788854e+21
1.0269261799123869e+21
1.0221489754120366e+21
1.0173866116970472e+21
1.0126390659847022e+21
1.0079063154903596e+21
1.003188337427455e+21
9.984851090075048e+20
9.937966074401092e+20
9.891228099329556e+20
9.84463693691822e+20
9.798192359205794e+20
9.751894138211957e+20
9.705742045937389e+20
9.659735854363794e+20
9.613875335453945e+20
9.568160261151705e+20
9.522590403382063e+20
9.477165534051166e+20
9.43188542504635e+20
9.386749848236171e+20
9.341758575470439e+20
9.296911378580248e+20
9.252208029378006e+20
9.207648299657471e+20
9.163231961193779e+20
9.118958785743478e+20
9.074828545044557e+20
9.030841010816482e+20
8.986995954760222e+20
8.943293148558286e+20
8.899732363874751e+20
8.856313372355296e+20
8.813035945627233e+20
8.769899855299535e+20
8.726904872962876e+20
8.684050770189652e+20
8.641337318534021e+20
8.598764289531933e+20
8.556331454701156e+20
8.514038585541316e+20
8.471885453533919e+20
8.429871830142394e+20
8.387997486812114e+20
8.346262194970435e+20
8.304665726026722e+20
8.263207851372383e+20
8.221888342380902e+20
8.180706970407869e+20
8.13966350679101e+20
8.098757722850221e+20
8.057989389887599e+20
8.017358279187471e+20
7.976864162016428e+20
7.936506809623359e+20
7.896285993239474e+20
7.856201484078346e+20
7.816253053335934e+20
7.776440472190618e+20
7.73676351180323e+20
7.697221943317087e+20
7.657815537858019e+20
7.618544066534403e+20
7.579407300437194e+20
7.540405010639955e+20
7.50153696819889e+20
7.462802944152877e+20
7.424202709523493e+20
7.385736035315051e+20
7.347402692514632e+20
7.309202452092111e+20
7.271135085000193e+20
7.233200362174445e+20
7.19539805453332e+20
7.157727932978197e+20
7.120189768393408e+20
7.082783331646272e+20
7.045508393587119e+20
7.008364725049333e+20
6.971352096849372e+20
6.934470279786807e+20
6.897719044644349e+20
6.861098162187882e+20
6.824607403166492e+20
6.788246538312504e+20
6.752015338341505e+20
6.715913573952384e+20
6.679941015827355e+20
6.644097434631994e+20
6.608382601015267e+20
6.572796285609564e+20
6.537338259030726e+20
6.50200829187808e+20
6.46680615473447e+20
6.431731618166285e+20
6.396784452723494e+20
6.361964428939673e+20
6.32727131733204e+20
6.292704888401486e+20
6.258264912632602e+20
6.223951160493712e+20
6.189763402436911e+20
6.155701408898082e+20
6.121764950296942e+20
6.087953797037062e+20
6.054267719505902e+20
6.020706488074847e+20
5.987269873099228e+20
5.953957644918362e+20
5.920769573855578e+20
5.8877054302182506e+20
5.854764984297829e+20
5.82194800636987e+20
5.789254266694067e+20
5.7566835355142835e+20
5.724235583058582e+20
5.691910179539256e+20
5.65970709515286e+20
5.627626100080242e+20
5.595666964486574e+20
5.563829458521381e+20
5.532113352318576e+20
5.5005184159964876e+20
5.469044419657892e+20
5.4376911333900426e+20
5.4064583272647046e+20
5.375345771338183e+20
5.344353235651353e+20
5.313480490229693e+20
5.282727305083315e+20
5.252093450206994e+20
5.2215786955802005e+20
5.1911828111671316e+20
5.1609055669167404e+20
5.130746732762768e+20
5.100706078623773e+20
5.070783374403165e+20
5.0409783899892344e+20
5.0112908952551804e+20
4.981720660059146e+20
4.952267454244247e+20
4.922931047638602e+20
4.8937112100553654e+20
4.864607711292755e+20
4.835620321134087e+20
4.806748809347803e+20
4.7779929456875025e+20
4.749352499891975e+20
4.7208272416852286e+20
4.692416940776521e+20
4.6641213668603914e+20
4.6359402896166905e+20
4.607873478710612e+20
4.579920703792722e+20
4.552081734498992e+20
4.524356340450827e+20
4.4967442912550984e+20
4.4692453565041725e+20
4.441859305775944e+20
4.414585908633865e+20
4.3874249346269754e+20
4.3603761532899354e+20
4.3334393341430537e+20
4.30661424669232e+20
4.2799006604294364e+20
4.253298344831845e+20
4.226807069362762e+20
4.200426603471206e+20
4.17415671659203e+20
4.1479971781459516e+20
4.1219477575395836e+20
4.0960082241654646e+20
4.0701783474020896e+20
4.044457896613942e+20
4.01884664115152e+20
3.993344350351375e+20
3.9679507935361335e+20
3.942665740014533e+20
3.917488959081451e+20
3.892420220017937e+20
3.867459292091241e+20
3.8426059445548456e+20
3.817859946648496e+20
3.793221067598229e+20
3.768689076616408e+20
3.74426374290175e+20
3.719944835639355e+20
3.695732124000741e+20
3.671625377143871e+20
3.647624364213185e+20
3.6237288543396286e+20
3.599938616640687e+20
3.5762534202204134e+20
3.5526730341694584e+20
3.529197227565103e+20
3.5058257694712876e+20
3.482558428938643e+20
3.45939497500452e+20
3.4363351766930214e+20
3.4133788030150325e+20
3.3905256229682486e+20
3.36777540553721e+20
3.3451279196933285e+20
3.32258293439492e+20
3.300140218587235e+20
3.277799541202488e+20
3.255560671159888e+20
3.233423377365671e+20
3.211387428713127e+20
3.1894525940826335e+20
3.167618642341684e+20
3.14588534234492e+20
3.124252462934159e+20
3.102719772938428e+20
3.081287041173992e+20
3.0599540364443845e+20
3.0387205275404376e+20
3.017586283240314e+20
2.996551072309535e+20
2.975614663501013e+20
2.9547768255550816e+20
2.9340373271995243e+20
2.9133959371496063e+20
2.892852424108105e+20
2.8724065567653393e+20
2.8520581037992008e+20
2.8318068338751835e+20
2.811652515646415e+20
2.7915949177536856e+20
2.7716338088254803e+20
2.7517689574780076e+20
2.7320001323152304e+20
2.712327101928896e+20
2.692749634898567e+20
2.673267499791651e+20
2.6538804651634318e+20
2.634588299557098e+20
2.615390771503775e+20
2.596287649522555e+20
2.5772787021205258e+20
2.5583636977928028e+20
2.5395424050225585e+20
2.5208145922810524e+20
2.5021800280276625e+20
2.483638480709914e+20
2.4651897187635108e+20
2.4468335106123648e+20
2.4285696246686266e+20
2.410397829332716e+20
2.3923178929933517e+20
2.374329584027581e+20
2.356432670800812e+20
2.3386269216668418e+20
2.3209121049678873e+20
2.3032879890346154e+20
2.285754342186174e+20
2.2683109327302207e+20
2.250957528962954e+20
2.2336938991691435e+20
2.2165198116221593e+20
2.199435034584003e+20
2.1824393363053376e+20
2.1655324850255174e+20
2.1487142489726183e+20
2.1319843963634683e+20
2.1153426954036766e+20
2.098788914287665e+20
2.082322821198698e+20
2.065944184308911e+20
2.0496527717793428e+20
2.0334483517599646e+20
2.01733069238971e+20
2.001299561796506e+20
1.985354728097302e+20
1.9694959593981002e+20
1.953723023793986e+20
1.9380356893691583e+20
1.9224337241969587e+20
1.9069168963399025e+20
1.8914849738497085e+20
1.8761377247673283e+20
1.8608749171229776e+20
1.8456963189361656e+20
1.830601698215725e+20
1.8155908229598423e+20
1.8006634611560874e+20
1.7858193807814446e+20
1.7710583498023417e+20
1.75638013617468e+20
1.7417845078438658e+20
1.7272712327448383e+20
1.7128400788021006e+20
1.6984908139297502e+20
1.6842232060315084e+20
1.6700370230007507e+20
1.6559320327205362e+20
1.6419080030636383e+20
1.627964701892574e+20
1.6141018970596344e+20
1.6003193564069147e+20
1.5866168477663442e+20
1.5729941389597157e+20
1.5594509977987157e+20
1.545987192084955e+20
1.5326024896099985e+20
1.519296658155394e+20
1.5060694654927035e+20
1.4929206793835325e+20
1.4798500675795606e+20
1.4668573978225703e+20
1.453942437844478e+20
1.4411049553673634e+20
1.4283447181034997e+20
1.4156614937553833e+20
1.4030550500157637e+20
1.3905251545676738e+20
1.3780715750844593e+20
1.3656940792298091e+20
1.3533924346577848e+20
1.3411664090128507e+20
1.3290157699299038e+20
1.3169402850343038e+20
1.304939721941903e+20
1.2930138482590754e+20
1.2811624315827479e+20
1.269385239500429e+20
1.2576820395902396e+20
1.246052599420942e+20
1.2344966865519703e+20
1.2230140685334605e+20
1.2116045129062796e+20
1.2002677872020562e+20
1.1890036589432098e+20
1.1778118956429808e+20
1.1666922648054607e+20
1.1556445339256214e+20
1.1446684704893456e+20
1.1337638419734557e+20
1.122930415845745e+20
1.1121679595650061e+20
1.1014762405810618e+20
1.0908550263347944e+20
1.0803040842581755e+20
1.069823181774296e+20
1.0594120862973959e+20
1.0490705652328936e+20
1.0387983859774167e+20
1.0285953159188311e+20
1.0184611224362705e+20
1.0083955729001669e+20
9.983984346722799e+19
9.884694751057268e+19
9.786084615450121e+19
9.688151613260574e+19
9.590893417762313e+19
9.494307702143789e+19
9.398392139508515e+19
9.303144402875367e+19
9.208562165178882e+19
9.114643099269551e+19
9.021384877914119e+19
8.928785173795881e+19
8.836841659514983e+19
8.745552007588717e+19
8.654913890451815e+19
8.564924980456753e+19
8.475582949874042e+19
8.386885470892532e+19
8.2988302156197e+19
8.211414856081957e+19
8.124637064224937e+19
8.038494511913799e+19
7.952984870933522e+19
7.868105812989205e+19
7.783855009706358e+19
7.700230132631205e+19
7.617228853230975e+19
7.534848842894208e+19
7.453087772931041e+19
7.371943314573511e+19
7.291413138975852e+19
7.211494917214789e+19
7.132186320289836e+19
7.053485019123595e+19
6.975388684562048e+19
6.897894987374857e+19
6.821001598255659e+19
6.7447061878223634e+19
6.66900642661745e+19
6.5938999851082605e+19
6.5193845336873e+19
6.445457742672532e+19
6.372117282307674e+19
6.2993608227624935e+19
6.227186034133106e+19
6.15559058644227e+19
6.084572149639684e+19
6.0141283936022815e+19
5.944256988134529e+19
5.87495560296872e+19
5.806221907765274e+19
5.73805357211303e+19
5.670448265529544e+19
5.603403657461383e+19
5.536917417284425e+19
5.470987214304152e+19
5.405610717755945e+19
5.340785596805384e+19
5.276509520548539e+19
5.212780158012269e+19
5.14959517815452e+19
5.086952249864612e+19
5.024849041963547e+19
4.963283223204295e+19
4.9022524622720926e+19
4.841754427784742e+19
4.781786788292901e+19
4.7223472122803855e+19
4.663433368164458e+19
4.6050429242961265e+19
4.547173548960442e+19
4.4898229103767904e+19
4.43298867669919e+19
4.376668516016587e+19
4.32086009635315e+19
4.265561085668567e+19
4.210769151858337e+19
4.1564819627540726e+19
4.1026971861237875e+19
4.049412489672196e+19
3.996625541041008e+19
3.944334007809222e+19
3.892535557493425e+19
3.841227857548082e+19
3.790408575365837e+19
3.740075378277801e+19
3.690225933553855e+19
3.640857908402939e+19
3.5919689699733512e+19
3.54355678535304e+19
3.4956190215699e+19
3.448153345592069e+19
3.40115742432822e+19
3.3546289246278574e+19
3.3085655132816126e+19
3.262964857021538e+19
3.217824622521402e+19
3.1731424763969847e+19
3.1289160852063715e+19
3.085143115450248e+19
3.041821233572196e+19
2.9989481059589874e+19
2.9565213989408784e+19
2.9145387787919057e+19
2.8729979117301797e+19
2.83189646391818e+19
2.7912321014630494e+19
2.75100249041689e+19
2.7112052967770554e+19
2.671838186486448e+19
2.632898825433811e+19
2.5943848794540245e+19
2.5562940143284e+19
2.5186238957849735e+19
2.4813721894988018e+19
2.4445365610922553e+19
2.4081146761353142e+19
2.372104200145861e+19
2.3365027985899758e+19
2.301308136882231e+19
2.2665178803859845e+19
2.2321296944136757e+19
2.198141244227118e+19
2.164550195037794e+19
2.1313542120071496e+19
2.0985509602468884e+19
2.066138104819266e+19
2.034113310737383e+19
2.0024742429654807e+19
1.9712185664192344e+19
1.940343945966048e+19
1.9098480464253473e+19
1.8797285325688746e+19
1.8499830691209834e+19
1.820609320758931e+19
1.7916049521131737e+19
1.7629676277676603e+19
1.7346950122601261e+19
1.7067847700823871e+19
1.6792345656806337e+19
1.6520420634557243e+19
1.6252049277634802e+19
1.5987208229149784e+19
1.5725874131768461e+19
1.5468023627715545e+19
1.5213633358777123e+19
1.4962679966303599e+19
1.4715140091212628e+19
1.4470990373992057e+19
1.4230207454702862e+19
1.3992767972982082e+19
1.375864856804576e+19
1.352782587869188e+19
1.3300276543303305e+19
1.3075977199850705e+19
1.2854904485895502e+19
1.2637035038592807e+19
1.2422345494694353e+19
1.2210812490551427e+19
1.2002412662117814e+19
1.1797122644952728e+19
1.1594919074223747e+19
1.139577858470975e+19
1.1199677810803853e+19
1.100659338651634e+19
1.0816501945477603e+19
1.0629380120941072e+19
1.0445204545786155e+19
1.0263951852521165e+19
1.008559867328626e+19
9.910121639856378e+18
9.737497383644162e+18
9.567702535702907e+18
9.40071372672948e+18
9.236507587067265e+18
9.075060746709087e+18
8.916349835300153e+18
8.76035148214098e+18
8.607042316190329e+18
8.456398966068138e+18
8.308398060058455e+18
8.16301622611237e+18
8.020230091850947e+18
7.880016284568156e+18
7.742351431233807e+18
7.607212158496479e+18
7.474575092686454e+18
7.344416859818647e+18
7.216714085595538e+18
7.091443395410106e+18
6.968581414348755e+18
6.848104767194248e+18
6.72999007842864e+18
6.614213972236206e+18
6.500753072506371e+18
6.389584002836644e+18
6.280683386535545e+18
6.174027846625538e+18
6.069594005845961e+18
5.967358486655952e+18
5.867297911237385e+18
5.769388901497798e+18
5.673608079073318e+18
5.579932065331599e+18
5.488337481374746e+18
5.398800948042242e+18
5.311299085913886e+18
5.225808515312714e+18
5.142305856307932e+18
5.060767728717844e+18
4.981170752112783e+18
4.903491545818036e+18
4.827706728916775e+18
4.753792920252985e+18
4.681726738434394e+18
4.6114848018353987e+18
4.543043728599995e+18
4.4763801366447053e+18
4.411470643661507e+18
4.34829186712076e+18
4.2868204242741345e+18
4.2270329321575404e+18
4.168906007594052e+18
4.11241626719684e+18
4.057540327372094e+18
4.0042548043219543e+18
3.9525363140474373e+18
3.902361472351362e+18
3.85370689484128e+18
3.8065491969323996e+18
3.7608649938505144e+18
3.7166309006349307e+18
3.6738235321413934e+18
3.632419503045013e+18
3.592395427843193e+18
3.553727920858556e+18
3.5163935962418703e+18
3.4803690679749775e+18
3.4456309498737167e+18
3.4121558555908536e+18
3.379920398619005e+18
3.348901192293565e+18
3.319074849795632e+18
3.2904179841549363e+18
3.262907208252762e+18
3.236519134824877e+18
3.211230376464457e+18
3.1870175456250127e+18
3.163857254623313e+18
3.1417261156423137e+18
3.1206007407340826e+18
3.1004577418227236e+18
3.0812737307073044e+18
3.06302531906478e+18
3.0456891184529193e+18
3.029241740313231e+18
3.0136597959738885e+18
2.998919896652655e+18
2.9849986534598093e+18
2.97187267740107e+18
2.959518579380523e+18
2.9479129702035446e+18
2.937032460579727e+18
2.926853661125804e+18
2.917353182368576e+18
2.9085076347478344e+18
2.9002936286192876e+18
2.892687774257485e+18
2.8856666818587423e+18
2.8792069615440666e+18
2.873285223362081e+18
2.867878077291949e+18
2.862962133246301e+18
2.858514001074157e+18
2.8545102905638523e+18
2.850927611445963e+18
2.847742573396228e+18
2.844931786038478e+18
2.8424718589475553e+18
2.840339401652243e+18
2.838511023638186e+18
2.8369633343508173e+18
2.8356729431982833e+18
2.8346164595543665e+18
2.833770492761411e+18
2.8331116521332475e+18
2.832616546958117e+18
2.8322617865015956e+18
2.83202398000952e+18
2.83187973671091e+18
2.831805665820894e+18
2.831778376543635e+18
2.83177445463766e+18
