0.0
652277.7195580016
1304762.6036004457
1957641.5643565594
2610914.8258698937
3264582.666170438
3918645.3638321045
4573103.197988756
5227956.448334942
5883205.395126639
6538850.319182
7194891.5018821005
7851329.225171684
8508163.77155992
9165395.424121149
9823024.466495644
10481051.182890369
11139475.85807973
11798298.777406342
12457520.226781797
13117140.492687417
13777159.862175032
14437578.622867746
15098397.062960707
15759615.471221881
16421234.13699283
17083253.35018949
17745673.40130294
18408494.581400204
19071717.18212501
19735341.495698597
20399367.814920492
21063796.433169305
21728627.644403517
22393861.74316227
23059499.024566177
23725539.784318108
24391984.318703998
25058832.92459364
25726085.899441496
26393743.541287504
27061806.14875789
27730274.02106597
28399147.458012965
29068426.759988826
29738112.227973036
30408204.16353544
31078702.868837062
31749608.64663093
32420921.800262906
33092642.633672502
33764771.45139372
34437308.558555886
35110254.26088447
35783608.86470194
36457372.67692859
37131546.005083375
37806129.157284774
38481122.442251615
39156526.16930393
39832340.648363814
40508566.18995625
41185203.10520999
41862251.70585841
42539712.30424033
43217585.21330093
43895870.746592574
44574569.21827568
45253680.94311961
45933206.2365035
46613145.41441716
47293498.793461956
47974266.69085164
48655449.42441329
49337047.31258814
50019060.67443248
50701489.82961854
51384335.098435394
52067596.80178981
52751275.261207186
53435370.798832394
54119883.73743074
54804814.400388785
55490163.111715324
56175930.19604223
56862115.97862539
57548720.785345584
58235744.94270943
58923188.77785027
59611052.618529096
60299336.793135464
60988041.6306884
61677167.46083735
62366714.613863066
63056683.42067856
63747074.21283004
64437887.32249778
65129123.082497135
65820781.826279424
66512863.887932874
67205369.60218357
67898299.30439638
68591653.33057593
69285432.01736753
69979635.7020581
70674264.7225772
71369319.41749786
72064800.12603764
72760707.18805957
73457040.94407307
74153801.73523493
74850989.90335031
75548605.79087368
76246649.74090976
76945122.09721456
77644023.2041963
78343353.40691642
79043113.05109054
79743302.48308943
80443922.04994005
81144972.09932648
81846452.97959092
82548365.03973474
83250708.62941937
83953484.0989674
84656691.79936352
85360332.08225553
86064405.29995534
86768911.80544001
87473851.95235272
88179226.09500381
88885034.5883718
89591277.78810436
90297956.05051936
91005069.73260592
91712619.19202538
92420604.78711237
93129026.8768758
93837885.82099994
94547181.97984539
95256915.7144502
95967087.38653083
96677697.35848325
97388745.99338396
98100233.65499102
98812160.70774512
99524527.51677065
100237334.4478767
100950581.86755821
101664270.14299692
102378399.6420625
103092970.7333136
103807983.78599894
104523439.17005832
105239337.25612377
105955678.41552055
106672463.02026828
107389691.443082
108107364.0573733
108825481.23725131
109544043.35752386
110263050.79369856
110982503.92198391
111702403.11929035
112422748.76323138
113143541.23212469
113864780.9049932
114586468.16156629
115308603.38228074
116031186.94828197
116754219.24142514
117477700.64427622
118201631.54011312
118926012.31292687
119650843.34742267
120376125.0290211
121101857.74385914
121828041.87879144
122554677.82139133
123281765.95995207
124009306.6834879
124737300.38173527
125465747.44515389
126194648.26492798
126924003.23296736
127653812.74190862
128384077.18511632
129114796.95668408
129845972.4514358
130577604.0649268
131309692.19344501
132042237.23401214
132775239.58438484
133508699.64305589
134242617.8092554
134976994.4829519
135711830.06485376
136447124.95641005
137182879.55981204
137919094.2779942
138655769.51463544
139392905.67416042
140130503.1617406
140868562.38329554
141607083.74549407
142346067.65575555
143085514.52225104
143825424.75390455
144565798.76039425
145306636.95215368
146047939.74037302
146789707.53700027
147531940.7547425
148274639.80706716
149017805.10820317
149761437.07314232
150505536.11764038
151250102.65821847
151995137.11216426
152740639.89753315
153486611.43314967
154233052.13860866
154979962.43427652
155727342.7412925
156475193.48157
157223515.07779783
157972307.95344138
158721572.5327441
159471309.24072862
160221518.50319806
160972200.7467374
161723356.3987147
162474985.8872824
163227089.64137864
163979668.09072858
164732721.66584563
165486250.79803282
166240255.9193841
166994737.46278563
167749695.86191714
168505131.55125317
169261044.9660645
170017436.54241946
170774306.71718508
171531655.9280287
172289484.6134191
173047793.2126279
173806582.16573095
174565851.91360962
175325602.89795217
176085835.56125507
176846550.3468244
177607747.69877717
178369428.0620427
179131591.88236403
179894239.60629916
180657371.68122256
181420988.5553265
182185090.67762232
182949678.49794203
183714752.46693948
184480313.03609186
185246360.6577011
186012895.7848952
186779918.87162966
187547430.37268886
188315430.74368754
189083920.4410721
189852899.92212212
190622369.64495164
191392330.0685107
192162781.65258676
192933724.857806
193705160.14563486
194477087.97838145
195249508.81919697
196022423.13207713
196795831.38186362
197569734.0342456
198344131.55576104
199119024.41379824
199894413.0765973
200670298.0132515
201446679.69370893
202223558.58877367
203000935.17010757
203778809.91023156
204557183.2825271
205336055.76123774
206115427.8214706
206895299.93919775
207675672.5912579
208456546.25535765
209237921.41007322
210019798.5348518
210802178.11001304
211585060.61675072
212368446.5371341
213152336.35410953
213936730.55150187
214721629.61401615
215507034.02723897
216292944.2776401
217079360.85257405
217866284.24028146
218653714.9298908
219441653.41141987
220230100.17577726
221019055.714764
221808520.52107513
222598495.08830115
223388979.9109297
224179975.48434708
224971482.30483976
225763500.8695961
226556031.67670774
227349075.2251714
228142632.01489022
228936702.54667562
229731287.32224864
230526386.8442417
231322001.61620018
232118132.1425839
232914778.92876896
233711942.4810491
234509623.30663747
235307821.91366825
236106538.81119823
236905774.5092084
237705529.5186057
238505804.35122454
239306599.5198285
240107915.53811193
240909752.92070168
243368741.9319011
245827156.19564334
248285027.33794993
250742355.4848671
253199140.76333994
255655383.30061445
258111083.22423804
260566240.6620601
263020855.74223244
265474928.59320974
267928459.34375015
270381448.12291574
272833895.06007296
275285800.2848932
277737163.9273533
280187986.11773604
282638266.98663056
285088006.664933
287537205.283847
289985862.974884
292433979.869864
294881556.10091597
297328591.8004784
299775087.10129976
302221042.136439
304666457.03926617
307111331.9434627
309555666.98302233
311999462.2922511
314442718.0057684
316885434.25850713
319327611.18571424
321769248.9229515
324210347.60609585
326650907.37133986
329090928.35519236
331530410.694479
333969354.5263427
336407759.9882442
338845627.2179625
341282956.35359573
343719747.5335612
346156000.8965963
348591716.5817589
351026894.7284279
353461535.47630364
355895638.96540874
358329205.3360884
360762234.72901106
363194727.28516877
365626683.1458779
368058102.45277965
370488985.34784067
372919331.9733534
375349142.47193676
377778416.98653674
380207155.66042686
382635358.6372087
385063026.0608126
387490158.07549804
389916754.8258544
392342816.4568013
394768343.11358917
397193334.9418001
399617792.08734804
402041714.69647956
404465102.9157744
406887956.892146
409310276.772842
411732062.7054449
414153314.8378726
416574033.31837916
418994218.29555494
421413869.9183275
423832988.3359622
426251573.6980624
428669626.15457064
431087145.85576856
433504132.9522781
435920587.5950615
438336509.9354223
440751900.12500584
443166758.3157997
445581084.6601344
447994879.31068385
450408142.4204662
452820874.1428442
455233074.6315259
457644744.0405651
460055882.52436215
462466490.23766446
464876567.335567
467286113.973513
469695130.30729455
472103616.49305314
474511572.6872803
476918999.0468182
479325895.72886026
481732262.8909517
484138100.6909902
486543409.28722656
488948188.8382651
491352439.50306463
493756161.4409387
496159354.8115564
498562019.7749429
500964156.4914801
503365765.12190735
505766845.8273219
508167398.76917946
510567424.1092952
512966922.00984395
515365892.633361
517764336.14274275
520162252.7012474
522559642.47249526
524956505.62046987
527352842.30951816
529748652.70435137
532143936.9700456
534538695.2720425
536932927.7761497
539326634.6485419
541719816.0557609
544112472.1647166
546504603.1426878
548896209.1573224
551287290.3766385
553677846.9690248
556067879.103241
558457386.9484191
560846370.6740636
563234830.450052
565622766.446636
568010178.8344415
570397067.7844702
572783433.468099
575169276.0570816
577554595.723549
579939392.6400099
582323666.9793515
584707418.9148403
587090648.6201226
589473356.269225
591855542.0365558
594237206.0969045
596618348.6254438
598998969.7977291
601379069.7896999
603758648.7776803
606137706.9383795
608516244.4488928
610894261.4867021
613271758.2296764
615648734.8560728
618025191.5445372
620401128.4741046
622776545.8242004
625151443.7746403
627525822.5056317
629899682.1977742
632273023.03206
634645845.1898751
637018148.8529996
639389934.2036084
641761201.4242722
644131950.697958
646502182.2080299
648871896.1382496
651241092.6727775
653609771.996173
655977934.2933955
658345579.749805
660712708.5511626
663079320.8836318
665445416.9337786
667810996.8885727
670176060.9353877
672540609.2620025
674904642.0566013
677268159.5077751
679631161.8045216
681993649.1362467
684355621.6927646
686717079.6642991
689078023.2414838
691438452.6153632
693798367.9773934
696157769.5194427
698516657.4337924
700875031.9131377
703232893.1505882
705590241.3396688
707947076.6743203
710303399.3489006
712659209.5581846
715014507.4973661
717369293.3620573
719723567.3482908
722077329.6525193
724430580.471617
726783320.0028801
729135548.4440278
731487265.9932028
733838472.8489723
736189169.2103285
738539355.2766895
740889031.2479005
743238197.3242338
745586853.7063899
747935000.5954987
750282638.1931198
752629766.7012432
754976386.3222905
757322497.2591156
759668099.715005
762013193.8936795
764357779.9992939
766701858.2364389
769045428.8101408
771388491.9258634
773731047.7895077
776073096.6074139
778414638.5863609
780755673.9335684
783096202.8566965
785436225.5638475
787775742.2635664
790114753.164841
792453258.4771041
794791258.4102329
797128753.174551
799465742.9808283
801802228.0402824
804138208.5645792
806473684.765834
808808656.8566117
811143125.0499283
813477089.5592514
815810550.5985012
818143508.3820511
820475963.1247287
822807915.0418167
825139364.3490536
827470311.2626348
829800755.999213
832130698.7758994
834460139.8102646
836789079.3203391
839117517.5246145
841445454.6420442
843772890.8920443
846099826.4944944
848426261.6697388
850752196.6385866
853077631.6223135
855402566.8426619
857727002.5218421
860050938.8825334
862374376.1478847
864697314.5415152
867019754.2875158
869341695.6104493
871663138.7353522
873984083.8877344
876304531.2935814
878624481.1793541
880943933.7719902
883262889.2989053
885581347.987993
887899310.0676268
890216775.7666605
892533745.3144286
894850218.9407483
897166196.8759197
899481679.3507267
901796666.5964382
904111158.8448087
906425156.3280797
908738659.27898
911051667.9307271
913364182.5170281
915676203.2720801
917987730.4305717
920298764.2276839
922609304.8990906
924919352.6809602
927228907.8099556
929537970.523236
931846541.0584576
934154619.6537744
936462206.547839
938769301.9798042
941075906.189323
943382019.4165504
945687641.902144
947992773.8872647
950297415.6135784
952601567.3232563
954905229.2589757
957208401.663922
959511084.7817883
961813278.8567777
964114984.1336032
966416200.8574893
968716929.2741729
971017169.6299038
973316922.1714464
975616187.1460805
977914964.8016016
980213255.386323
982511059.1490756
984808376.33921
987105207.206597
989401552.0016283
991697410.975218
993992784.3788035
996287672.4643462
998582075.4843329
1000875993.6917766
1003169427.3402176
1005462376.6837244
1007754841.9768949
1010046823.4748571
1012338321.4332706
1014629336.1083273
1016919867.7567524
1019209916.6358055
1021499483.003282
1023788567.1175133
1026077169.2373688
1028365289.6222562
1030652928.5321229
1032940086.227457
1035226762.9692885
1037512959.0191897
1039798674.6392772
1042083910.0922123
1044368665.6412022
1046652941.5500013
1048936738.0829117
1051220055.5047852
1053502894.0810233
1055785254.0775793
1058067135.7609583
1060348539.3982192
1062629465.2569754
1064909913.6053958
1067189884.712206
1069469378.8466895
1071748396.2786885
1074026937.2786055
1076305002.1174035
1078582591.0666084
1080859704.3983088
1083136342.3851578
1085412505.300374
1087688193.4177427
1089963407.011617
1092238146.3569183
1094512411.7291386
1096786203.4043405
1099059521.6591592
1101332366.7708027
1103604739.0170538
1105876638.6762707
1108148066.0273886
1110419021.3499203
1112689504.9239576
1114959517.0301723
1117229057.9498181
1119498127.9647305
1121766727.3573287
1124034856.4106166
1126302515.4081845
1128569704.6342094
1130836424.3734562
1133102674.91128
1135368456.5336256
1137633769.52703
1139898614.1786232
1142162990.776129
1144426899.6078668
1146690340.962752
1148953315.1302981
1151215822.4006171
1153477863.0644214
1155739437.4130242
1158000545.7383416
1160261188.332893
1162521365.4898024
1164781077.5028005
1167040324.6662247
1169299107.275021
1171557425.6247454
1173815280.0115645
1176072670.7322571
1178329598.0842154
1180586062.3654459
1182842063.8745713
1185097602.9108315
1187352679.774084
1189607294.7648067
1191861448.1840975
1194115140.3336768
1196368371.5158882
1198621142.0336998
1200873452.1907055
1203125302.2911263
1205376692.6398115
1207627623.54224
1209878095.3045216
1212128108.233398
1214377662.6362448
1216626758.8210719
1218875397.0965252
1221123577.771888
1223371301.157082
1225618567.562669
1227865377.299852
1230111730.6804757
1232357628.0170295
1234603069.6226475
1236848055.81111
1239092586.8968453
1241336663.1949303
1243580285.0210924
1245823452.6917107
1248066166.5238173
1250308426.8350985
1252550233.9438965
1254791588.16921
1257032489.830696
1259272939.248672
1261512936.7441154
1263752482.6386666
1265991577.2546296
1268230220.9149733
1270468413.9433331
1272706156.6640124
1274943449.4019835
1277180292.4828894
1279416686.2330449
1281652630.9794378
1283888127.0497313
1286123174.7722638
1288357774.4760516
1290591926.49079
1292825631.146854
1295058888.7753007
1297291699.70787
1299524064.2769864
1301755982.81576
1303987455.657988
1306218483.1381571
1308449065.5914433
1310679203.3537145
1312908896.761531
1315138146.1521487
1317366951.863518
1319595314.2342873
1321823233.6038034
1324050710.3121135
1326277744.6999662
1328504337.1088133
1330730487.8808112
1332956197.3588219
1335181465.8864152
1337406293.80787
1339630681.4681747
1341854629.2130306
1344078137.3888516
1346301206.3427672
1348523836.4226224
1350746027.9769807
1352967781.3551242
1355189096.9070566
1357409974.9835033
1359630415.935914
1361850420.1164634
1364069987.878053
1366289119.574313
1368507815.5596032
1370726076.1890152
1372943901.8183732
1375161292.8042362
1377378249.5038989
1379594772.2753937
1381810861.4774923
1384026517.469707
1386241740.6122923
1388456531.2662463
1390670889.793313
1392884816.5559828
1395098311.9174948
1397311376.2418382
1399524009.8937538
1401736213.2387357
1403947986.643033
1406159330.473651
1408370245.098353
1410580730.8856618
1412790788.204862
1415000417.4260008
1417209618.9198897
1419418393.0581062
1421626740.2129958
1423834660.757673
1426042155.0660236
1428249223.5127056
1430455866.4731517
1432662084.32357
1434867877.4409466
1437073246.2030466
1439278190.9884157
1441482712.1763825
1443686810.1470594
1445890485.281345
1448093737.9609249
1450296568.5682745
1452498977.4866598
1454700965.1001391
1456902531.7935655
1459103677.9525878
1461304403.9636524
1463504710.2140048
1465704597.091692
1467904064.9855638
1470103114.2852743
1472301745.3812838
1474499958.6648607
1476697754.528083
1478895133.3638406
1481092095.5658357
1483288641.528586
1485484771.6474257
1487680486.3185077
1489875785.9388049
1492070670.906112
1494265141.6190476
1496459198.477056
1498652841.8804085
1500846072.2302055
1503038889.9283786
1505231295.3776915
1507423288.9817426
1509614871.1449668
1511806042.272637
1513996802.7708654
1516187153.0466068
1518377093.507659
1520566624.5626652
1522755746.621116
1524944460.0933506
1527132765.3905597
1529320662.924786
1531508153.1089275
1533695236.3567379
1535881913.0828297
1538068183.7026758
1540254048.6326103
1542439508.289832
1544624563.0924053
1546809213.459262
1548993459.8102033
1551177302.5659027
1553360742.1479065
1555543778.9786365
1557726413.4813914
1559908646.0803494
1562090477.2005696
1564271907.2679942
1566452936.7094498
1568633565.9526505
1570813795.4261992
1572993625.559589
1575173056.783206
1577352089.528331
1579530724.2271416
1581708961.3127139
1583886801.2190242
1586064244.380952
1588241291.2342806
1590417942.2157006
1592594197.762811
1594770058.3141208
1596945524.309052
1599120596.1879413
1601295274.392042
1603469559.3635254
1605643451.5454843
1607816951.3819337
1609990059.3178132
1612162775.7989895
1614335101.2722585
1616507036.1853461
1618678580.9869118
1620849736.12655
1623020502.0547922
1625190879.2231088
1627360868.0839121
1629530469.0905573
1631699682.6973453
1633868509.3595243
1636036949.5332925
1638205003.6757998
1640372672.24515
1642539955.7004032
1644706854.5015774
1646873369.1096509
1649039499.9865646
1651205247.5952244
1653370612.3995023
1655535594.8642397
1657700195.4552488
1659864414.6393156
1662028252.8842013
1664191710.6586447
1666354788.4323647
1668517486.6760619
1670679805.8614216
1672841746.4611151
1675003308.948803
1677164493.7991364
1679325301.4877596
1681485732.4913125
1683645787.2874324
1685805466.3547566
1687964770.1729245
1690123699.22258
1692282253.9853737
1694440434.943965
1696598242.5820246
1698755677.3842368
1700912739.8363016
1703069430.424937
1705225749.6378818
1707381697.963897
1709537275.892769
1711692483.9153118
1713847322.5233686
1716001792.2098148
1718155893.4685605
1720309626.794552
1722462992.6837752
1724615991.6332572
1726768624.141069
1728920890.7063277
1731072791.8291993
1733224328.0109005
1735375499.7537014
1737526307.5609283
1739676751.9369652
1741826833.3872569
1743976552.4183114
1746125909.5377018
1748274905.2540698
1750423540.0771267
1752571814.517657
1754719729.0875206
1756867284.299655
1759014480.6680777
1761161318.7078893
1763307798.9352753
1765453921.8675091
1767599688.0229542
1769745097.9210665
1771890152.0823977
1774034851.0285966
1776179195.2824128
1778323185.3676984
1780466821.809411
1782610105.133616
1784753035.8674889
1786895614.5393188
1789037841.6785104
1791179717.815586
1793321243.4821894
1795462419.211087
1797603245.5361714
1799743722.9924643
1801883852.116118
1804023633.4444187
1806163067.5157893
1808302154.8697915
1810440896.047129
1812579291.5896494
1814717342.040348
1816855047.9433694
1818992409.8440106
1821129428.288724
1823266103.8251193
1825402437.0019672
1827538428.3692012
1829674078.4779208
1831809387.8803942
1833944357.130061
1836078986.7815347
1838213277.3906057
1840347229.514244
1842480843.7106023
1844614120.539018
1846747060.5600164
1848879664.335314
1851011932.4278204
1853143865.4016416
1855275463.8220825
1857406728.2556503
1859537659.2700565
1861668257.4342208
1863798523.3182728
1865928457.4935558
1868058060.532629
1870187333.0092707
1872316275.498481
1874444888.576485
1876573172.820735
1878701128.8099146
1880828757.1239405
1882956058.3439658
1885083033.0523827
1887209681.8328264
1889336005.2701764
1891462003.9505613
1893587678.46136
1895713029.391206
1897838057.3299897
1899962762.8688617
1902087146.6002355
1904211209.1177907
1906334951.0164762
1908458372.8925126
1910581475.343396
1912704258.9679005
1914826724.3660817
1916948872.1392791
1919070702.8901196
1921192217.2225208
1923313415.7416937
1925434299.0541456
1927554867.767684
1929675122.4914188
1931795063.8357663
1933914692.4124513
1936034008.8345113
1938153013.7162988
1940271707.6734853
1942390091.3230634
1944508165.2833507
1946625930.173993
1948743386.6159678
1950860535.231586
1952977376.6444972
1955093911.479691
1957210140.3635018
1959326063.923611
1961441682.7890503
1963556997.5902061
1965672008.9588215
1967786717.5279999
1969901123.9322085
1972015228.8072817
1974129032.790424
1976242536.5202138
1978355740.6366062
1980468645.7809367
1982581252.5959246
1984693561.725676
1986805573.8156877
1988917289.5128496
1991028709.4654496
1993139834.323176
1995250664.7371204
1997361201.3597827
1999471444.845073
2001581395.8483157
2003691055.0262535
2005800423.0370493
2007909500.5402915
2010018288.1969965
2012126786.6696117
2014234996.6220205
2016342918.7195442
2018450553.6289465
2020557902.018437
2022664964.5576742
2024771741.9177697
2026878234.7712913
2028984443.7922666
2031090369.656187
2033196013.0400107
2035301374.6221669
2037406455.082559
2039511255.1025686
2041615775.3650587
2043720016.5543773
2045823979.3563619
2047927664.4583423
2050031072.5491445
2052134204.3190947
2054237060.4600227
2056339641.6652658
2058441948.6296723
2060543982.0496054
2062645742.622947
2064747231.0491014
2066848448.028999
2068949394.2651005
2071050070.4613998
2073150477.3234286
2075250615.5582602
2077350485.874513
2079450088.9823542
2081549425.5935042
2083648496.4212403
2085747302.1804004
2087845843.5873866
2089944121.3601701
2092042136.218294
2094139888.8828776
2096237380.076621
2098334610.523808
2100431580.9503107
2102528292.0835936
2104624744.6527169
2106720939.3883412
2108816877.0227313
2110912558.2897599
2113007983.924912
2115103154.6652887
2117198071.2496119
2119292734.4182272
2121387144.9131093
2123481303.477865
2125575210.8577378
2127668867.7996123
2129762275.0520177
2131855433.3651326
2133948343.4907885
2136041006.1824746
2138133422.1953416
2140225592.286206
2142317517.2135544
2144409197.7375474
2146500634.6200242
2148591828.624507
2150682780.5162044
2152773491.062017
2154863961.0305405
2156954191.1920705
2159044182.3186073
2161133935.183859
2163223450.5632467
2165312729.233909
2167401771.9747066
2169490579.566225
2171579152.7907805
2173667492.432425
2175755599.2769485
2177843474.1118855
2179931117.726518
2182018530.911881
2184105714.4607663
2186192669.167728
2188279395.829085
2190365895.2429276
2192452168.209121
2194538215.529311
2196624038.006926
2198709636.4471846
2200795011.657098
2202880164.4454756
2204965095.62293
2207049806.001881
2209134296.3965597
2211218567.6230145
2213302620.4991145
2215386455.844555
2217470074.480862
2219553477.231398
2221636664.921364
2223719638.3778067
2225802398.4296227
2227884945.9075627
2229967281.644237
2232049406.47412
2234131321.233555
2236213026.7607584
2238294523.8958263
2240375813.4807377
2242456896.35936
2244537773.3774548
2246618445.382681
2248698913.224601
2250779177.754685
2252859239.826317
2254939100.294798
2257018760.0173535
2259098219.8531365
2261177480.663233
2263256543.3106666
2265335408.6604056
2267414077.5793657
2269492550.9364166
2271570829.602386
2273648914.450065
2275726806.354215
2277804506.1915703
2279882014.8408437
2281959333.182734
2284036462.0999284
2286113402.47711
2288190155.2009606
2290266721.160168
2292343101.2454314
2294419296.3494644
2296495307.367003
2298571135.1948094
2300646780.7316775
2302722244.8784385
2304797528.5379663
2306872632.615183
2308947558.017064
2311022305.6526437
2313096876.4330206
2315171271.2713633
2317245491.082916
2319319536.7850027
2321393409.2970347
2323467109.540515
2325540638.4390435
2327613996.9183235
2329687185.9061666
2331760206.332499
2333833059.129367
2335905745.230942
2337978265.573526
2340050621.095558
2342122812.7376213
2344194841.442445
2346266708.1549134
2348338413.8220706
2350409959.393126
2352481345.819461
2354552574.0546327
2356623645.0543823
2358694559.77664
2360765319.1815295
2362835924.2313766
2364906375.8907127
2366976675.126282
2369046822.907047
2371116820.204194
2373186667.9911404
2375256367.24354
2377325918.939288
2379395324.0585294
2381464583.583663
2383533698.4993477
2385602669.79251
2387671498.4523487
2389740185.4703417
2391808731.8402514
2393877138.5581326
2395945406.6223373
2398013537.0335207
2400081530.7946486
2402149388.911003
2404217112.390188
2406284702.242137
2408352159.4791183
2410419485.115742
2412486680.1689663
2414553745.658103
2416620682.6048255
2418687492.0331736
2420754174.969561
2422820732.442782
2424887165.484017
2426953475.126839
2429019662.4072223
2431085728.3635454
2433151674.036601
2435217500.469601
2437283208.708184
2439348799.800419
2441414274.796817
2443479634.7503333
2445544880.7163773
2447610013.752817
2449675034.9199877
2451739945.2806964
2453804745.900231
2455869437.846366
2457934022.189369
2459998500.00201
2462062872.359563
2464127140.339819
2466191305.0230894
2468255367.4922137
2470319328.832567
2472383190.1320662
2474446952.481178
2476510616.972924
2478574184.7028913
2480637656.769236
2482701034.2726927
2484764318.3165803
2486827510.0068097
2488890610.4518914
2490953620.7629423
2493016542.0536933
2495079375.440495
2497142122.042328
2499204782.9808073
2501267359.3801913
2503329852.3673887
2505908330.709293
2508485928.60462
2511062651.5004997
2513638499.952072
2516213474.515918
2518787575.7500153
2521360804.2137456
2523933160.467895
2526504645.0746593
2529075258.5976486
2531645001.60189
2534213874.6538324
2536781878.3213496
2539349013.1737447
2541915279.7817545
2544480678.7175527
2547045210.5547547
2549608875.868421
2552171675.235061
2554733609.2326384
2557294678.440573
2559854883.4397473
2562414224.8125086
2564972703.142674
2567530319.0155344
2570087073.0178585
2572642965.7378974
2575197997.7653875
2577752169.6915565
2580305482.109126
2582857935.612316
2585409530.79685
2587960268.2599587
2590510148.6003833
2593059172.418381
2595607340.3157296
2598154652.89573
2600701110.7632117
2603246714.5245376
2605791464.7876067
2608335362.1618605
2610878407.2582855
2613420600.6894183
2615961943.0693507
2618502435.0137324
2621042077.139777
2623580870.066266
2626118814.4135528
2628655910.8035674
2631192159.8598213
2633727562.2074113
2636262118.4730244
2638795829.2849426
2641328695.2730465
2643860717.0688205
2646391895.305358
2648922230.6173644
2651451723.641163
2653980375.0146995
2656508185.377546
2659035155.370906
2661561285.6376195
2664086576.822167
2666611029.570674
2669134644.5309167
2671657422.352326
2674179363.6859922
2676700469.184671
2679220739.502786
2681740175.296436
2684258777.2233973
2686776545.943131
2689293482.116786
2691809586.407205
2694324859.478929
2696839301.9982014
2699352914.6329746
2701865698.052913
2704377652.9294004
2706888779.9355416
2709399079.746171
2711908553.037855
2714417200.4888988
2716925022.779349
2719432020.5910015
2721938194.6074057
2724443545.513868
2726948073.9974585
2729451780.7470164
2731954666.453154
2734456731.8082623
2736957977.5065165
2739458404.2438803
2741958012.718113
2744456803.6287723
2746954777.677222
2749451935.5666347
2751948278.0019994
2754443805.690126
2756938519.3396497
2759432419.661038
2761925507.366595
2764417783.1704664
2766909247.7886467
2769399901.938983
2771889746.3411803
2774378781.7168083
2776867008.789306
2779354428.283988
2781841040.9280486
2784326847.450568
2786811848.5825195
2789296045.056772
2791779437.6080985
2794262026.97318
2796743813.890611
2799224799.1009073
2801704983.3465085
2804184367.3717866
2806662951.9230504
2809140737.7485514
2811617725.598489
2814093916.2250175
2816569310.3822513
2819043908.82627
2821517712.3151264
2823990721.6088495
2826462937.469453
2828934360.6609387
2831404991.9493055
2833874832.102553
2836343881.8906875
2838812142.0857296
2841279613.4617195
2843746296.794722
2846212192.8628345
2848677302.446191
2851141626.3269696
2853605165.289399
2856067920.119764
2858529891.60641
2860991080.539753
2863451487.712282
2865911113.918569
2868369959.9552712
2870828026.6211405
2873285314.7170286
2875741825.045893
2878197558.4128046
2880652515.624952
2883106697.49165
2885560104.824346
2888012738.436625
2890464599.1442165
2892915687.765002
2895366005.1190195
2897815552.028474
2900264329.317739
2902712337.813367
2905159578.3440943
2907606051.7408485
2910051758.8367543
2912496700.467141
2914940877.4695497
2917384290.6837378
2919826940.9516883
2922268829.1176157
2924709956.027972
2927150322.5314555
2929589929.4790154
2932028777.7238603
2934466868.1214647
2936904201.5295753
2939340778.80822
2941776600.8197117
2944211668.4286585
2946645982.5019693
2949079543.90886
2951512353.5208635
2953944412.211833
2956375720.8579526
2958806280.3377423
2961236091.5320663
2963665155.32414
2966093472.5995374
2968521044.2461977
2970947871.1544337
2973373954.216939
2975799294.328794
2978223892.3874755
2980647749.292862
2983070865.9472427
2985493243.2553253
2987914882.1242414
2990335783.463556
2992755948.1852746
2995175377.2038507
2997594071.436194
3000012031.8016763
3002429259.2221417
3004845754.6219125
3007261518.9277973
3009676553.0691
3012090857.977626
3014504434.587691
3016917283.836128
3019329406.6622977
3021740804.0080924
3024151476.817947
3026561426.0388465
3028970652.6203337
3031379157.5145173
3033786941.6760798
3036194006.062286
3038600351.6329904
3041005979.350647
3043410890.1803155
3045815085.0896716
3048218565.049013
3050621331.0312705
3053023384.0120134
3055424724.96946
3057825354.8844857
3060225274.74063
3062624485.5241075
3065022988.2238135
3067420783.831335
3069817873.340958
3072214257.749676
3074609938.0572004
3077004915.265966
3079399190.381143
3081792764.4106436
3084185638.365132
3086577813.258032
3088969290.105537
3091360069.9266186
3093750153.7430353
3096139542.5793414
3098528237.462896
3100916239.423872
3103303549.4952655
3105690168.712905
3108076098.1154594
3110461338.744449
3112845891.6442533
3115229757.86212
3117612938.448176
3119995434.4554343
3122377246.939806
3124758376.9601073
3127138825.57807
3129518593.858352
3131897682.868545
3134276093.679184
3136653827.363759
3139030884.998722
3141407267.663499
3143782976.4404974
3146158012.4151177
3148532376.6757627
3150906070.3138456
3153279094.423803
3155651450.1031017
3158023138.4522505
3160394160.57481
3162764517.5774016
3165134210.5697184
3167503240.6645346
3169871608.977717
3172239316.628233
3174606364.738163
3176972754.432709
3179338486.840206
3181703563.0921316
3184067984.3231163
3186431751.670954
3188794866.2766137
3191157329.2842474
3193519141.841203
3195880305.0980344
3198240820.2085104
3200600688.329628
3202959910.621621
3205318488.247972
3207676422.3754215
3210033714.173981
3212390364.816943
3214746375.4808908
3217101747.3457103
3219456481.5946016
3221810579.414089
3224164041.9940333
3226516870.527641
3228869066.2114773
3231220630.245477
3233571563.832956
3235921868.18062
3238271544.49858
3240620594.0003605
3242969017.902912
3245316817.426624
3247663993.7953334
3250010548.236339
3252356481.9804115
3254701796.2618055
3257046492.318272
3259390571.391069
3261734034.724974
3264076883.5682964
3266419119.172888
3268760742.7941556
3271101755.691075
3273442159.126199
3275781954.365673
3278121142.679247
3280459725.3402843
3282797703.6257787
3285135078.8163633
3287471852.196324
3289808025.0536118
3292143598.679856
3294478574.3703756
3296812953.424193
3299146737.1440454
3301479926.8363986
3303812523.811459
3306144529.383187
3308475944.8693085
3310806771.59133
3313137010.8745503
3315466664.048073
3317795732.44482
3320124217.401545
3322452120.2588468
3324779442.3611813
3327106185.056876
3329432349.698143
3331757937.6410923
3334082950.245745
3336407388.8760476
3338731254.899884
3341054549.689091
3343377274.619471
3345699431.0708055
3348021020.426869
3350342044.0754433
3352662503.4083314
3354982399.821371
3357301734.7144485
3359620509.4915133
3361938725.560592
3364256384.333803
3366573487.22737
3368890035.661635
3371206031.0610766
3373521474.854321
3375836368.4741573
3378150713.357553
3380464510.9456673
3382777762.683867
3385090470.02174
3387402634.4131117
3389714257.316058
3392025340.1929216
3394335884.510327
3396645891.739194
3398955363.354755
3401264300.8365684
3403572705.668535
3405880579.3389134
3408187923.3403335
3410494739.169814
3412801028.328778
3415106792.323066
3417412032.6629558
3419716750.8631735
3422020948.4429126
3424324626.9258485
3426627787.840155
3428930432.71852
3431232563.0981617
3433534180.5208435
3435835286.532892
3438135882.6852136
3440435970.5333076
3442735551.6372857
3445034627.5618877
3447333199.876498
3449631270.155162
3451928839.976602
3454225910.924236
3456522484.586192
3458818562.555328
3461114146.4292455
3463409237.8103094
3465703838.305663
3467997949.5272474
3470291573.091817
3472584710.620957
3474877363.7411013
3477169534.0835505
3479461223.2844887
3481752432.985001
3484043164.8310924
3486333420.4737034
3488623201.5687304
3490912509.7770424
3493201346.764499
3495489714.2019687
3497777613.765347
3500065047.135575
3502352015.998657
3504638522.045681
3506924566.9728336
3509210152.4814224
3511495280.277892
3513779952.0738444
3516064169.5860567
3518347934.536501
3520631248.6523623
3522914113.666059
3525196531.315261
3527478503.3429093
3529760031.497236
3532041117.531781
3534321763.205417
3536601970.2823634
3538881740.532209
3541161075.7299304
3543439977.6559143
3545718448.0959744
3547996488.8413734
3550274101.688843
3552551288.440602
3554828050.9043803
3557104390.8934374
3559380310.226581
3561655810.728192
3563930894.22824
3566205562.562309
3568479817.5716147
3570753661.1030273
3573027095.0090923
3575300121.1480513
3577572741.383863
3579844957.586225
3582116771.630596
3584388185.398216
3586659200.7761273
3588929819.6572
3591200043.940149
3593469875.529559
3595739316.335906
3598008368.275579
3600277033.2709017
3602545313.250157
3604813210.1476064
3607080725.903515
3609347862.464173
3611614621.781919
3613881005.815162
3616147016.528406
3618412655.8922706
3620677925.8835163
3622942828.485067
3625207365.686033
3627471539.4817348
3629735351.8737273
3631998804.869823
3634261900.484115
3636524640.7370024
3638787027.655213
3641049063.271828
3643310749.6263075
3645572088.764512
3647833082.7387295
3650093733.607699
3652354043.4366345
3654614014.297252
3656873648.267792
3659132947.4330463
3661391913.8843813
3663650549.719765
3665908857.0437927
3668166837.9677105
3670424494.609442
3672681829.093615
3674938843.5515857
3677195540.121465
3679451920.9481463
3681707988.1833296
3683963743.985549
3686219190.520199
3688474329.9595604
3690729164.4828286
3692983696.2761393
3695237927.5325947
3697491860.452292
3699745497.2423506
3701998840.116939
3704251891.297302
3706504653.0117884
3708757127.4958797
3711009316.9922166
3713261223.7506275
3715512850.0281577
3717764198.089096
3720015270.205004
3722266068.654745
3724516595.724511
3726766853.707854
3729016844.9057126
3731266571.626443
3733516036.1858463
3735765240.9072
3738014188.1212854
3740262880.166419
3742511319.388481
3744759508.1409464
3747007448.784913
3749255143.6891346
3751502595.2300487
3753749805.791808
3755996777.766312
3758243513.5532365
3760490015.5600643
3762736286.2021174
3764982327.902588
3767228143.092569
3769473734.2110863
3771719103.705131
3773964254.0296903
3776209187.647779
3778453907.030473
3780698414.656942
3782942713.0144787
3785186804.598536
3787430691.9127564
3789674377.469006
3791917863.787408
3794161153.3963747
3796404248.832643
3798647152.6413064
3800889867.3758483
3803132395.5981774
3805374739.878661
3807616902.7961593
3809858886.9380593
3812100694.9003105
3814342329.2874584
3816583792.712681
3818825087.7978215
3821066217.1734266
3823307183.478779
3825547989.3619347
3827788637.4797583
3830029130.4979587
3832269471.0911264
3834509661.942768
3836749705.7453437
3838989605.2003045
3841229363.0181274
3843468981.9183545
3845708464.6296287
3847947813.889731
3850187032.445619
3852426123.053465
3854665088.4786916
3856903931.4960127
3859142654.8894706
3861381261.4524736
3863619753.9878364
3865858135.307818
3868096408.234161
3870334575.59813
3872572640.240554
3874810605.011862
3877048472.7721257
3879286246.3910995
3881523928.748259
3883761522.7328434
3885999031.243895
3888236457.1903005
3890473803.4908323
3892711073.074189
3894948268.8790383
3897185393.8540573
3899422450.957975
3901659443.1596146
3903896373.4379363
3906133244.7820783
3908370060.1914015
3910606822.675531
3912843535.2544
3915080200.958293
3917316822.8278904
3919553403.9143105
3921789947.2791553
3924026455.9945545
3926262933.143209
3928499381.818437
3930735805.1242185
3932972206.17524
3935208588.096941
3937444954.0255585
3939681307.1081743
3941917650.5027604
3944153987.3782253
3946390320.9144607
3948626654.3023887
3950862990.7440085
3953099333.452445
3955335685.651994
3957572050.5781727
3959808431.4777656
3962044831.608875
3964281254.240967
3966517702.654923
3968754180.1430874
3970990690.009317
3973227235.5690303
3975463820.149259
3977700447.0886965
3979937119.7377486
3982173841.4585843
3984410615.6251874
3986647445.6234064
3988884334.851007
3991121286.7177234
3993358304.6453104
3995595392.067596
3997832552.4305325
4000069789.192251
4002307105.8231144
4004544505.8057694
4006781992.6352015
4009019569.8187876
4011257240.8763523
4013495009.34022
4015732878.7552714
4017970852.678998
4020208934.6815577
4022447128.345829
4024685437.26747
4026923865.054971
4029162415.329715
4031401091.7260294
4033639897.8912497
4035878837.4857707
4038117914.183109
4040357131.669957
4042596493.6462455
4044836003.8251987
4047075665.933395
4049315483.710827
4051555460.910959
4053795601.300789
4056035908.6609073
4058276386.785559
4060517039.482703
4062757870.5740747
4064998883.895246
4067240083.295689
4069481472.638838
4071723055.80215
4073964836.67717
4076206819.169593
4078449007.1993284
4080691404.700564
4082934015.6218286
4085176843.926059
4087419893.590662
4089663168.607584
4091906672.983373
4094150410.7392464
4096394385.9111557
4098638602.5498557
4100883064.7209706
4103127776.5050607
4105372741.997691
4107617965.3095
4109863450.5662675
4112109201.9089828
4114355223.493916
4116601519.4926867
4118848094.0923347
4121094951.495389
4123342095.9199405
4125589531.5997124
4127837262.7841325
4130085293.7384043
4132333628.7435803
4134582272.096635
4136831228.1105366
4139080501.1143236
4141330095.453176
4143580015.488492
4145830265.5979614
4148080850.1756415
4150331773.6320333
4152583040.394157
4154834654.905629
4157086621.626739
4159338945.0345273
4161591629.622863
4163844679.9025207
4166098100.4012623
4168351895.663914
4170606070.252447
4172860628.746056
4175115575.7412424
4177370915.8518925
4179626653.7093606
4181882793.9625516
4184139341.2780013
4186396300.3399615
4188653675.850481
4190911472.529492
4193169695.1148915
4195428348.362629
4197687437.046789
4199946965.9596796
4202206939.911916
4204467363.7325077
4206728242.268948
4208989580.387299
4211251382.972281
4213513654.9273605
4215776401.174841
4218039626.65595
4220303336.3309326
4222567535.179139
4224832228.1991186
4227097420.4087086
4229363116.84513
4231629322.565077
4233896042.644813
4236163282.180263
4238431046.287109
4240699340.1008835
4242968168.777067
4245237537.4911838
4247507451.438896
4249777915.8361053
4252048935.919046
4254320516.944387
4256592664.189329
4258865382.951705
4261138678.5500784
4263412556.3238463
4265687021.6333394
4267962079.8599234
4269278396.46604
4273166372.60317
4277050619.761197
4280931252.2400203
4284808269.5220685
4288681671.0954146
4292551456.448664
4296417625.070954
4300280176.451953
4304139110.08186
4307994425.451406
4311846122.051853
4315694199.374996
4319538656.913159
4323379494.159198
4327216710.606498
4331050305.748977
4334880279.081082
4338706630.097794
4342529358.294619
4346348463.167597
4350163944.213297
4353975800.92882
4357784032.811794
4361588639.36038
4365389620.073267
4369186974.449675
4372980701.989352
4376770802.192577
4380557274.560159
4384340118.593434
4388119333.7942705
4391894919.665063
4395666875.708737
4399435201.428747
4403199896.329076
4406960959.914235
4410718391.689266
4414472191.159738
4418222357.831747
4421968891.211922
4425711790.807415
4429451056.12591
4433186686.675617
4436918681.965277
4440647041.504155
4444371764.802047
4448092851.369275
4451810300.716689
4455524112.355668
4459234285.798117
4462940820.556467
4466643716.143681
4470342972.073243
4474038587.85917
4477730563.016003
4481418897.058809
4485103589.503184
4488784639.865251
4492462047.661656
4496135812.409577
4499805933.626715
4503472410.831296
4507135243.542076
4510794431.278336
4514449973.55988
4518101869.907043
4521750119.840683
4525394722.882184
4529035678.553455
4532672986.376933
4536306645.875579
4539936656.572879
4543563017.992846
4547185729.660016
4550804791.099453
4554420201.836743
4558031961.398
4561640069.30986
4565244525.099487
4568845328.294567
4572442478.423311
4576035975.014457
4579625817.597264
4583212005.701518
4586794538.857528
4590373416.596127
4593948638.448672
4597520203.947047
4601088112.623656
4604652364.011428
4608212957.643816
4611769893.054798
4615323169.778873
4618872787.351066
4622418745.306923
4625961043.182515
4629499680.514436
4633034656.839802
4636565971.696253
4640093624.621952
4643617615.155584
4647137942.836358
4650654607.204005
4654167607.798779
4657676944.161455
4661182615.833333
4664684622.356233
4668182963.272498
4671677638.124994
4675168646.4571085
4678655987.81275
4682139661.736349
4685619667.772861
4689096005.467758
4692568674.367039
4696037674.0172205
4699503003.9653425
4702964663.7589655
4706422652.946171
4709876971.075563
4713327617.696266
4716774592.357925
4720217894.610707
4723657524.0053
4727093480.09291
4730525762.425266
4733954370.554619
4737379304.033738
4740800562.415914
4744218145.254956
4747632052.105197
4751042282.521486
4754448836.059196
4757851712.274218
4761250910.722961
4764646430.962359
4768038272.549862
4771426435.043439
4774810918.001581
4778191720.983298
4781568843.54812
4784942285.256092
4788312045.667785
4791678124.344284
4795040520.847196
4798399234.738645
4801754265.581275
4805105612.93825
4808453276.373249
4811797255.450475
4815137549.734645
4818474158.790997
4821807082.185286
4825136319.483787
4828461870.253291
4831783734.0611105
4835101910.475073
4838416399.063525
4841727199.395332
4845034311.039876
4848337733.567058
4851637466.547295
4854933509.551522
4858225862.151195
4861514523.918282
4864799494.425272
4868080773.245171
4871358359.9515
4874632254.1183
4877902455.3201275
4881168963.132056
4884431777.129677
4887690896.889097
4890946321.98694
4894198052.000348
4897446086.506978
4900690425.085004
4903931067.313116
4907168012.770521
4910401261.0369425
4913630811.692619
4916856664.318307
4920078818.495276
4923297273.805316
4926512029.830728
4929723086.154331
4932930442.359461
4936134098.029967
4939334052.7502165
4942530306.105089
4945722857.679983
4948911707.06081
4952096853.833997
4955278297.586487
4958456037.905737
4961630074.379721
4964800406.596925
4967967034.146352
4971129956.617519
4974289173.60046
4977444684.6857195
4980596489.464359
4983744587.527955
4986888978.468596
4990029661.878889
4993166637.351951
4996299904.481414
4999429462.861425
5002555312.086647
5005677451.752254
5008795881.453933
5011910600.787889
5015021609.350837
5018128906.740006
5021232492.553143
5024332366.388501
5027428527.844852
5030520976.521481
5033609712.018183
5036694733.935269
5039776041.873564
5042853635.434402
5045927514.219634
5048997677.831622
5052064125.87324
5055126857.947878
5058185873.659435
5061241172.612325
5064292754.411472
5067340618.662316
5070384764.970808
5073425192.943409
5076461902.187096
5079494892.309354
5082524162.918184
5085549713.622097
5088571544.030116
5091589653.751777
5094604042.397126
5097614709.576723
5100621654.901638
5103624877.983452
5106624378.434259
5109620155.866665
5112612209.8937845
5115600540.129247
5118585146.187189
5121566027.682262
5124543184.229628
5127516615.444957
5130486320.944433
5133452300.34475
5136414553.263113
5139373079.317237
5142327878.125347
5145278949.306181
5148226292.478986
5151169907.263519
5154109793.280049
5157045950.149354
5159978377.492722
5162907074.931951
5165832042.089351
5168753278.58774
5171670784.050447
5174584558.101312
5177494600.364681
5180400910.465414
5183303488.028878
5186202332.680951
5189097444.048019
5191988821.75698
5194876465.435239
5197760374.710711
5200640549.21182
5203516988.5675
5206389692.407195
5209258660.360856
5212123892.058944
5214985387.132427
5217843145.212786
5220697165.932007
5223547448.922586
5226393993.81753
5229236800.250349
5232075867.855067
5234911196.266213
5237742785.118827
5240570634.048455
5243394742.691153
5246215110.683482
5249031737.662517
5251844623.265835
5254653767.131524
5257459168.89818
5260260828.2049055
5263058744.691312
5265852917.997518
5268643347.76415
5271430033.632341
5274212975.243734
5276992172.240478
5279767624.265227
5282539330.961147
5285307291.971909
5288071506.941689
5290831975.515172
5293588697.337552
5296341672.054527
5299090899.3123045
5301836378.757596
5304578110.0376215
5307316092.800107
5310050326.693287
5312780811.3659
5315507546.467193
5318230531.646917
5320949766.555334
5323665250.843207
5326376984.16181
5329084966.162919
5331789196.498818
5334489674.822299
5337186400.786656
5339879374.045692
5342568594.253716
5345254061.065541
5347935774.136487
5350613733.122378
5353287937.679547
5355958387.464829
5358625082.135568
5361288021.349608
5363947204.7653055
5366602632.041517
5369254302.837606
5371902216.813442
5374546373.629398
5377186772.946354
5379823414.425693
5382456297.729303
5385085422.51958
5387710788.459421
5390332395.21223
5392950242.441915
5395564329.812888
5398174656.9900675
5400781223.638874
5403384029.425235
5405983074.01558
5408578357.076845
5411169878.276469
5413757637.282396
5416341633.763073
5418921867.387452
5421498337.824988
5424071044.745643
5426639987.819878
5429205166.718661
5431766581.113465
5434324230.676265
5436878115.079538
5439428233.996268
5441974587.09994
5444517174.064544
5447055994.564572
5449591048.275022
5452122334.871391
5454649854.029684
5457173605.426406
5459693588.738566
5462209803.643677
5464722249.819754
5467230926.945314
5469735834.69938
5472236972.761475
5474734340.8116255
5477227938.530362
5479717765.598716
5482203821.698222
5484686106.510919
5487164619.719344
5489639361.006542
5492110330.056056
5494577526.551934
5497040950.178725
5499500600.62148
5501956477.565753
5504408580.697599
5506856909.703577
5509301464.270746
5511742244.086669
5514179248.839408
5516612478.217528
5519041931.910098
5521467609.606686
5523889510.997361
5526307635.772697
5528721983.623767
5531132554.242146
5533539347.31991
5535942362.549638
5538341599.624408
5540737058.237801
5543128738.083898
5545516638.857282
5547900760.253037
5550281101.966749
5552657663.694503
5555030445.132885
5557399445.978983
5559764665.930386
5562126104.685182
5564483761.941961
5566837637.399816
5569187730.758334
5571534041.71761
5573876569.978235
5576215315.241302
5578550277.208403
5580881455.581632
5583208850.063582
5585532460.357348
5587852286.166523
5590168327.195201
5592480583.147976
5594789053.729942
5597093738.646694
5599394637.604324
5601691750.309428
5603985076.469098
5606274615.790928
5608560367.98301
5610842332.753938
5613120509.812802
5615394898.869196
5617665499.63321
5619932311.815434
5622195335.12696
5624454569.279375
5626710013.984768
5628961668.955728
5631209533.90534
5633453608.547192
5635693892.5953665
5637930385.764449
5640163087.769523
5642391998.326169
5644617117.150469
5646838443.959002
5649055978.468845
5651269720.397578
5653479669.463274
5655685825.384508
5657888187.880353
5660086756.67038
5662281531.474658
5664472512.013756
5666659698.00874
5668843089.181175
5671022685.253124
5673198485.947148
5675370490.986306
5677538700.094155
5679703112.994751
5681863729.412647
5684020549.072895
5686173571.701044
5688322797.023141
5690468224.76573
5692609854.655854
5694747686.421054
5696881719.789368
5699011954.48933
5701138390.249975
5703261026.800833
5705379863.871931
5707494901.193795
5709606138.497448
5711713575.51441
5713817211.976699
5715917047.616828
5718013082.1678095
5720105315.3631525
5722193746.936863
5724278376.623444
5726359204.157895
5728436229.275713
5730509451.712892
5732578871.205921
5734644487.49179
5736706300.307981
5738764309.392474
5740818514.483748
5742868915.320777
5744915511.643031
5746958303.190476
5748997289.703577
5751032470.923293
5753063846.591081
5755091416.448892
5757115180.239176
5759135137.704878
5761151288.589438
5763163632.636795
5765172169.591381
5767176899.198126
5769177821.202455
5771174935.350289
5773168241.388047
5775157739.062641
5777143428.121479
5779125308.312467
5781103379.384005
5783077641.084989
5785048093.16481
5787014735.373357
5788977567.461011
5790936589.178651
5792891800.277651
5794843200.50988
5796790789.627703
5798734567.383979
5800674533.5320635
5802610687.825807
5804543030.019554
5806471559.868147
5808396277.126921
5810317181.551705
5812234272.898828
5814147550.925108
5816057015.387862
5817962666.044901
5819864502.65453
5821762524.975549
5823656732.767253
5825547125.789432
5827433703.802369
5829316466.566845
5831195413.844132
5833070545.395999
5834941860.984708
5836809360.373016
5838673043.324175
5840532909.60193
5842388958.970521
5844241191.194683
5846089606.039645
5847934203.27113
5849774982.655354
5851611943.959027
5853445086.949357
5855274411.394041
5857099917.061274
5858921603.719741
5860739471.138624
5862553519.087599
5864363747.336833
5866170155.656989
5867972743.819224
5869771511.595188
5871566458.757024
5873357585.077369
5875144890.329354
5876928374.286604
5878708036.723236
5880483877.413862
5882255896.133586
5884024092.658007
5885788466.763215
5887549018.225797
5889305746.822829
5891058652.331883
5892807734.531024
5894552993.198809
5896294428.114288
5898032039.057006
5899765825.806999
5901495788.144797
5903221925.851423
5904944238.708392
5906662726.497712
5908377389.001885
5910088226.003905
5911795237.287259
5913498422.635926
5915197781.834379
5916893314.6675825
5918585020.920994
5920272900.380563
5921956952.832732
5923637178.064437
5925313575.863104
5926986146.016654
5928654888.3134985
5930319802.542542
5931980888.493183
5933638145.955309
5935291574.719301
5936941174.576034
5938586945.316873
5940228886.733675
5941866998.618791
5943501280.765062
5945131732.965823
5946758355.014899
5948381146.706608
5950000107.835759
5951615238.197655
5953226537.588088
5954834005.803344
5956437642.640199
5958037447.895922
5959633421.368273
5961225562.855504
5962813872.156359
5964398349.070072
5965978993.396371
5967555804.9354725
5969128783.488088
5970697928.855416
5972263240.83915
5973824719.241475
5975382363.865064
5976936174.513083
5978486150.989192
5980032293.097538
5981574600.642761
5983113073.429993
5984647711.264854
5986178513.95346
5987705481.302413
5989228613.11881
5990747909.210237
5992263369.38477
5993774993.450978
5995282781.21792
5996786732.495146
5998286847.092696
5999783124.821102
6001275565.491386
6002764168.915061
6004248934.90413
6005729863.271088
6007206953.828918
6008680206.391097
6010149620.77159
6011615196.784854
6013076934.245835
6014534832.969972
6015988892.7731905
6017439113.4719095
6018885494.883038
6020328036.823973
6021766739.112604
6023201601.567311
6024632624.006964
6026059806.250921
6027483148.119033
6028902649.431639
6030318310.009569
6031730129.674144
6033138108.247173
6034542245.550957
6035942541.408284
6037338995.642436
6038731608.077182
6040120378.536781
6041505306.845984
6042886392.83003
6044263636.314648
6045637037.126056
6047006595.090962
6048372310.036566
6049734181.790555
6051092210.181107
6052446395.036887
6053796736.187055
6055143233.461254
6056485886.689622
6057824695.702783
6059159660.331851
6060490780.408431
6061818055.764616
6063141486.232988
6064461071.646621
6065776811.839074
6067088706.644399
6068396755.897135
6069700959.432311
6071001317.085446
6072297828.692548
6073590494.090112
6074879313.115124
6076164285.605058
6077445411.397878
6078722690.332037
6079996122.246476
6081265706.980626
6082531444.374407
6083793334.268226
6085051376.502981
6086305570.920058
6087555917.361332
6088802415.669167
6090045065.686414
6091283867.256414
6092518820.222999
6093749924.430486
6094977179.723681
6096200585.947883
6097420142.948873
6098635850.572925
6099847708.6668005
6101055717.077749
6102259875.65351
6103460184.242309
6104656642.692862
6105849250.854371
6107038008.57653
6108222915.709519
6109403972.104007
6110581177.611149
6111754532.082591
6112924035.370467
6114089687.327399
6115251487.806497
6116409436.661358
6117563533.746068
6118713778.915202
6119860172.023823
6121002712.92748
6122141401.482212
6123276237.544545
6124407220.971495
6125534351.620562
6126657629.349737
6127777054.0175
6128892625.482816
6130004343.605138
6131112208.244409
6132216219.261058
6133316376.516003
6134412679.870647
6135505129.186886
6136593724.327099
6137678465.154155
6138759351.531408
6139836383.322704
6140909560.392373
6141978882.605234
6143044349.826593
6144105961.922245
6145163718.758471
6146217620.202039
6147267666.120206
6148313856.380715
6149356190.851799
6150394669.402176
6151429291.9010515
6152460058.21812
6153486968.22356
6154510021.788042
6155529218.782721
6156544559.079238
6157556042.549724
6158563669.066795
6159567438.503558
6160567350.733603
6161563405.631007
6162555603.070338
6163543942.926648
6164528425.075477
6165509049.392851
6166485815.755285
6167458724.039781
6168427774.123826
6169392965.885395
6170354299.2029505
6171311773.955441
6172265390.022304
6173215147.28346
6174161045.61932
6175103084.91078
6176041265.039224
6176975585.886521
6177906047.335031
6178832649.267593
6179755391.567542
6180674274.118692
6181589296.805349
6182500459.512303
6183407762.124831
6184311204.528697
6185210786.610151
6186106508.255932
6186998369.353262
6187886369.789851
6188770509.453897
6189650788.234084
6190527206.019581
6191399762.700045
6192268458.165618
6193133292.306931
6193994265.015098
6194851376.181722
6195704625.698892
6196554013.459182
6197399539.355654
6198241203.281856
6199079005.131821
6199912944.80007
6200743022.18161
6201569237.171933
6202391589.667019
6203210079.563333
6204024706.757826
6204835471.147937
6205642372.631589
6206445411.107192
6207244586.473642
6208039898.630322
6208831347.477101
6209618932.914333
6210402654.842858
6211182513.164003
6211958507.779582
6212730638.591892
6213498905.503718
6214263308.418332
6215023847.23949
6215780521.871433
6216533332.218892
6217282278.18708
6218027359.681699
6218768576.608933
6219505928.875457
6220239416.388426
6220969039.055486
6221694796.784765
6222416689.4848795
6223134717.064931
6223848879.434505
6224559176.503676
6225265608.183002
6225968174.383528
6226666875.016783
6227361709.994782
6228052679.230028
6228739782.635507
6229423020.124691
6230102391.61154
6230777897.010496
6231449536.23649
6232117309.204937
6232781215.831737
6233441256.033276
6234097429.726426
6234749736.828546
6235398177.257476
6236042750.931546
6236683457.769569
6237320297.6908455
6237953270.615159
6238582376.46278
6239207615.154465
6239828986.611454
6240446490.755474
6241060127.508737
6241669896.793939
6242275798.534263
6242877832.653378
6243475999.075436
6244070297.725076
6244660728.527422
6245247291.408084
6245829986.293156
6246408813.109217
6246983771.783332
6247554862.243052
6248122084.416411
6248685438.231932
6249244923.618619
6249800540.505964
6250352288.823944
6250900168.503019
6251444179.474136
6251984321.668728
6252520595.01871
6253052999.456485
6253581534.91494
6254106201.327447
6254626998.627864
6255143926.750533
6255656985.630281
6256166175.202422
6256671495.402753
6257172946.167556
6257670527.4335985
6258164239.138133
6258654081.218898
6259140053.614116
6259622156.262493
6260100389.103224
6260574752.075985
6261045245.120939
6261511868.178734
6261974621.1905
6262433504.097857
6262888516.842906
6263339659.368234
6263786931.616913
6264230333.532499
6264669865.059035
6265105526.1410475
6265537316.723547
6265965236.752029
6266389286.172477
6266809464.9313545
6267225772.975614
6267638210.252688
6268046776.710501
6268451472.297455
6268852296.9624405
6269249250.654832
6269642333.324489
6270031544.921755
6270416885.39746
6270798354.702917
6271175952.789924
6271549679.610764
6271919535.118204
6272285519.265498
6272647632.006382
6273005873.295077
6273360243.086291
6273710741.335215
6274057367.997522
6274400123.029376
6274739006.38742
6275074018.028784
6275405157.911082
6275732425.9924135
6276055822.231361
6276375346.586994
6276690999.018864
6277002779.487008
6277310687.951949
6277614724.374693
6277914888.716731
6278211180.940039
6278503601.007075
6278792148.880787
6279076824.524602
6279357627.902434
6279634558.978682
6279907617.718227
6280176804.086439
6280442118.049169
6280703559.572751
6280961128.624008
6281214825.170246
6281464649.179254
6281710600.619305
6281952679.459159
6282190885.668059
6282425219.215734
6282655680.072394
6282882268.208737
6283104983.595944
6283323826.205681
6283538796.010097
6283749892.981826
6283957117.093987
6284160468.320186
6284359946.634507
6284555552.011524
6284747284.426293
6284935143.854356
6285119130.271737
6285299243.654946
6285475483.980978
6285647851.227311
6285816345.371908
6285980966.393216
6286141714.270167
6286298588.982177
6286451590.509146
6286600718.831459
6286745973.929986
6286887355.78608
6287024864.381579
6287158499.698806
6287288261.720566
6287414150.430151
6287536165.8113365
6287654307.848382
6287768576.5260315
6287878971.829514
6287985493.74454
6288088142.257309
6288186917.354502
6288281819.023283
6288372847.251304
6288460002.026698
6288543283.338085
6288622691.174567
6288698225.525732
6288769886.381651
6288837673.732881
6288901587.570461
6288961627.885917
6289017794.671257
6289070087.918975
6289118507.622047
6289163053.773937
6289203726.368589
6289240525.400435
6289273450.86439
6289302502.755853
6289327681.070706
6289348985.805318
6289366416.95654
6289379974.521709
6289389658.498647
6289395468.885656
6289397413.428712
